LAYOUTID,SUBLAYOUTID,COLUMNID,COLUMNNAME,DATATYPE,DATETYPEDETIAL,FIELDLENGTH,SN,STARTPOS,ENDPOS,UPDATED_BY,FIELDLINENUMBER,FIELDDELIMITER,FIELDPOSITION,CATEGORY,BUSINESSNAME,SEMANTICKEY
874,1,1,SOURCE,VARCHAR2,NA,25,65224,1,25,,,,,VARCHAR2,,
874,1,2,MEMID,VARCHAR2,NA,55,65225,26,80,,,,,VARCHAR2,,
874,1,3,ENRID,VARCHAR2,NA,25,65226,81,105,,,,,VARCHAR2,,
874,1,4,RELFLAG,VARCHAR2,NA,6,65227,106,111,,,,,VARCHAR2,,
874,1,5,MEMFIRSTNAME,VARCHAR2,NA,55,65228,112,166,,,,,VARCHAR2,,
874,1,6,MEMLASTNAME,VARCHAR2,NA,55,65229,167,221,,,,,VARCHAR2,,
874,1,7,GENDER,VARCHAR2,NA,6,65230,222,227,,,,,VARCHAR2,,
874,1,8,DOB,DATE,YYYYMMDD,8,65231,228,234,,,,,DATE,,
874,1,9,ADDR1,VARCHAR2,NA,55,65232,235,289,,,,,VARCHAR2,,
874,1,10,ADDR2,VARCHAR2,NA,55,65233,290,344,,,,,VARCHAR2,,
874,1,11,CITY,VARCHAR2,NA,55,65234,345,399,,,,,VARCHAR2,,
874,1,12,STATE,VARCHAR2,NA,25,65235,400,424,,,,,VARCHAR2,,
874,1,13,ZIP,VARCHAR2,NA,20,65236,425,444,,,,,VARCHAR2,,
874,1,14,HOMEPHONE,VARCHAR2,NA,25,65237,445,469,,,,,VARCHAR2,,
874,1,15,WORKPHONE,VARCHAR2,NA,25,65238,470,494,,,,,VARCHAR2,,
874,1,16,COVTYPEID,VARCHAR2,NA,25,65239,495,519,,,,,VARCHAR2,,
874,1,17,COVTYPEDESC,VARCHAR2,NA,55,65240,520,574,,,,,VARCHAR2,,
874,1,18,EFFDATE,DATE,YYYYMMDD,8,65241,575,581,,,,,DATE,,
874,1,19,TERMDATE,DATE,YYYYMMDD,8,65242,582,588,,,,,DATE,,
874,1,20,LVLID1,VARCHAR2,NA,25,65243,589,613,,,,,VARCHAR2,,
874,1,21,LVLDESC1,VARCHAR2,NA,55,65244,614,668,,,,,VARCHAR2,,
874,1,22,LVLID2,VARCHAR2,NA,25,65245,669,693,,,,,VARCHAR2,,
874,1,23,LVLDESC2,VARCHAR2,NA,55,65246,694,748,,,,,VARCHAR2,,
874,1,24,LVLID3,VARCHAR2,NA,25,65247,749,773,,,,,VARCHAR2,,
874,1,25,LVLDESC3,VARCHAR2,NA,55,65248,774,828,,,,,VARCHAR2,,
874,1,26,LVLID4,VARCHAR2,NA,25,65249,829,853,,,,,VARCHAR2,,
874,1,27,LVLDESC4,VARCHAR2,NA,55,65250,854,908,,,,,VARCHAR2,,
874,1,28,LVLID5,VARCHAR2,NA,25,65251,909,933,,,,,VARCHAR2,,
874,1,29,LVLDESC5,VARCHAR2,NA,55,65252,934,988,,,,,VARCHAR2,,
874,1,30,LVLID6,VARCHAR2,NA,25,65253,989,1013,,,,,VARCHAR2,,
874,1,31,LVLDESC6,VARCHAR2,NA,55,65254,1014,1068,,,,,VARCHAR2,,
874,1,32,LVLID7,VARCHAR2,NA,25,65255,1069,1093,,,,,VARCHAR2,,
874,1,33,LVLDESC7,VARCHAR2,NA,55,65256,1094,1148,,,,,VARCHAR2,,
874,1,34,LVLID8,VARCHAR2,NA,25,65257,1149,1173,,,,,VARCHAR2,,
874,1,35,LVLDESC8,VARCHAR2,NA,55,65258,1174,1228,,,,,VARCHAR2,,
874,1,36,LVLID9,VARCHAR2,NA,25,65259,1229,1253,,,,,VARCHAR2,,
874,1,37,LVLDESC9,VARCHAR2,NA,55,65260,1254,1308,,,,,VARCHAR2,,
874,1,38,LVLID10,VARCHAR2,NA,25,65261,1309,1333,,,,,VARCHAR2,,
874,1,39,LVLDESC10,VARCHAR2,NA,55,65262,1334,1388,,,,,VARCHAR2,,
874,1,40,CMSTATUS,VARCHAR2,NA,25,65263,1389,1413,,,,,VARCHAR2,,
874,1,41,PCPID,VARCHAR2,NA,25,65264,1414,1438,,,,,VARCHAR2,,
874,1,42,PCPNAME,VARCHAR2,NA,75,65265,1439,1513,,,,,VARCHAR2,,
874,1,43,SSN,VARCHAR2,NA,25,65266,1514,1538,,,,,VARCHAR2,,
874,1,44,BENCOVTYPE,VARCHAR2,NA,25,65267,1539,1563,,,,,VARCHAR2,,
874,1,45,BENCOVTYPEDESC,VARCHAR2,NA,65,65268,1564,1628,,,,,VARCHAR2,,
874,1,46,SICCODE,VARCHAR2,NA,25,65269,1629,1653,,,,,VARCHAR2,,
874,1,47,SICDESC,VARCHAR2,NA,55,65270,1654,1708,,,,,VARCHAR2,,
874,1,48,PAYERTYPE,VARCHAR2,NA,15,65271,1709,1723,,,,,VARCHAR2,,
874,1,49,UDF1_S,VARCHAR2,NA,25,65272,1724,1748,,,,,VARCHAR2,,
874,1,50,UDFDESC1,VARCHAR2,NA,55,65273,1749,1803,,,,,VARCHAR2,,
874,1,51,UDF2_S,VARCHAR2,NA,25,65274,1804,1828,,,,,VARCHAR2,,
874,1,52,UDFDESC2,VARCHAR2,NA,55,65275,1829,1883,,,,,VARCHAR2,,
874,1,53,UDF3_S,VARCHAR2,NA,25,65276,1884,1908,,,,,VARCHAR2,,
874,1,54,UDFDESC3,VARCHAR2,NA,55,65277,1909,1963,,,,,VARCHAR2,,
874,1,55,UDF4_S,VARCHAR2,NA,25,65278,1964,1988,,,,,VARCHAR2,,
874,1,56,UDFDESC4,VARCHAR2,NA,55,65279,1989,2043,,,,,VARCHAR2,,
874,1,57,BATCHID,VARCHAR2,NA,20,65280,2044,2063,,,,,VARCHAR2,,
