LAYOUTID,SUBLAYOUTID,COLUMNID,COLUMNNAME,DATATYPE,DATETYPEDETIAL,FIELDLENGTH,SN,STARTPOS,ENDPOS,UPDATED_BY,FIELDLINENUMBER,FIELDDELIMITER,FIELDPOSITION,CATEGORY,BUSINESSNAME,SEMANTICKEY
2747,1,1,EMPLOYERGROUP_UD,VARCHAR2,,40,204136,1,40,,,,,VARCHAR2,,
2747,1,2,EMPLOYERGROUP_NM,VARCHAR2,,55,204137,41,95,,,,,VARCHAR2,,
2747,1,3,GRP_CON_UD_COV_CONTRACT_NAME,VARCHAR2,,40,204138,96,135,,,,,VARCHAR2,,
2747,1,4,ELIGIBILITY_UD_ID_CARD_NUMBER,VARCHAR2,,40,204139,136,175,,,,,VARCHAR2,,
2747,1,5,ELIG_ID_MEMBER_COVERAGE_ID,VARCHAR2,,16,204140,176,191,,,,,VARCHAR2,,
2747,1,6,EFF_DATE,DATE,YYYY-MM-DD,10,204141,192,201,,,,,DATE,,4
2747,1,7,TERM_DATE,DATE,YYYY-MM-DD,10,204142,202,211,,,,,DATE,,19
2747,1,8,PRODUCT_NAME,VARCHAR2,,55,204143,212,266,,,,,VARCHAR2,,
2747,1,9,RELATIONSHIP_UD,VARCHAR2,,40,204144,267,306,,,,,VARCHAR2,,17
2747,1,10,MEMBER_SSN,VARCHAR2,,16,204145,307,322,,,,,VARCHAR2,,
2747,1,11,MEMBER_ID,VARCHAR2,,16,204146,323,338,,,,,VARCHAR2,,
2747,1,12,MEMBER_LAST_NAME,VARCHAR2,,40,204147,339,378,,,,,VARCHAR2,,12
2747,1,13,MEMBER_FIRST_NAME,VARCHAR2,,40,204148,379,418,,,,,VARCHAR2,,10
2747,1,14,MEMBER_MIDDLE_NAME,VARCHAR2,,40,204149,419,458,,,,,VARCHAR2,,
2747,1,15,MEMBER_GENDER,VARCHAR2,,6,204150,459,464,,,,,VARCHAR2,,8
2747,1,16,MEMBER_DOB,DATE,YYYY-MM-DD,10,204151,465,474,,,,,DATE,,3
2747,1,17,MEMBER_DOD,DATE,YYYY-MM-DD,10,204152,475,484,,,,,DATE,,
2747,1,18,STUDENT_FLAG,VARCHAR2,,6,204153,485,490,,,,,VARCHAR2,,
2747,1,19,HANDICAP_FLAG,VARCHAR2,,6,204154,491,496,,,,,VARCHAR2,,
2747,1,20,SUBSCRIBER_SSN,VARCHAR2,,16,204155,497,512,,,,,VARCHAR2,,
2747,1,21,SUBSCRIBER_ID,VARCHAR2,,16,204156,513,528,,,,,VARCHAR2,,
2747,1,22,SUBSCRIBER_LAST_NAME,VARCHAR2,,40,204157,529,568,,,,,VARCHAR2,,
2747,1,23,SUBSCRIBER_FIRST_NAME,VARCHAR2,,40,204158,569,608,,,,,VARCHAR2,,
2747,1,24,SUBSCRIBER_MIDDLE_NAME,VARCHAR2,,40,204159,609,648,,,,,VARCHAR2,,
2747,1,25,SUBSCRIBER_DOB,DATE,YYYY-MM-DD,10,204160,649,658,,,,,DATE,,
2747,1,26,SUBSCRIBER_ADDRESS1,VARCHAR2,,40,204161,659,698,,,,,VARCHAR2,,
2747,1,27,SUBSCRIBER_ADDRESS2,VARCHAR2,,40,204162,699,738,,,,,VARCHAR2,,
2747,1,28,SUBSCRIBER_CITY,VARCHAR2,,40,204163,739,778,,,,,VARCHAR2,,
2747,1,29,SUBSCRIBER_STATE,VARCHAR2,,7,204164,779,785,,,,,VARCHAR2,,
2747,1,30,SUBSCRIBER_ZIPCODE,VARCHAR2,,15,204165,786,800,,,,,VARCHAR2,,
2747,1,31,SUBSCRIBER_PHONE,VARCHAR2,,18,204166,801,818,,,,,VARCHAR2,,
2747,1,32,SUBSCRIBER_PHONE_EXT,VARCHAR2,,11,204167,819,829,,,,,VARCHAR2,,
2747,1,33,SUBSCRIBER_HIRE_DATE,DATE,YYYY-MM-DD,10,204168,830,839,,,,,DATE,,
2747,1,34,EMPLOYER_GROUP_DEPT,VARCHAR2,,15,204169,840,854,,,,,VARCHAR2,,
2747,1,35,EMPLOYER_GROUP_DEPT_NAME,VARCHAR2,,205,204170,855,1059,,,,,VARCHAR2,,
2747,1,36,EMPLOYER_GROUP_LOCATION,VARCHAR2,,15,204171,1060,1074,,,,,VARCHAR2,,
2747,1,37,EMPLOYER_GROUP_LOCATION_NAME,VARCHAR2,,205,204172,1075,1279,,,,,VARCHAR2,,
2747,1,38,CM,VARCHAR2,,100,204173,1280,1379,,,,,VARCHAR2,,
2747,1,39,FINAL_ELIGIBILITY_UD,VARCHAR2,,100,204174,1380,1479,,,,,VARCHAR2,,
2747,1,40,GROUP_CONTRACT_ID,VARCHAR2,,100,204175,1480,1579,,,,,VARCHAR2,,
