LAYOUTID,SUBLAYOUTID,COLUMNID,COLUMNNAME,DATATYPE,DATETYPEDETIAL,FIELDLENGTH,SN,STARTPOS,ENDPOS,UPDATED_BY,FIELDLINENUMBER,FIELDDELIMITER,FIELDPOSITION,CATEGORY,BUSINESSNAME,SEMANTICKEY
717,1,1,O_MBR_NBR,VARCHAR2,,9,55986,1,9,Adesh Shrestha,,,,VARCHAR2,,
717,1,2,O_MBR_SFX,VARCHAR2,,2,55987,10,11,Adesh Shrestha,,,,VARCHAR2,,
717,1,3,O_MBR_SSN_NO,VARCHAR2,,17,55988,12,28,Adesh Shrestha,,,,VARCHAR2,,
717,1,5,O_GENDER,VARCHAR2,,1,55990,31,31,Adesh Shrestha,,,,VARCHAR2,,
717,1,6,O_RACE,VARCHAR2,,10,55991,32,41,Adesh Shrestha,,,,VARCHAR2,,
717,1,7,O_FIRST_NAME,VARCHAR2,,15,55992,42,56,Adesh Shrestha,,,,VARCHAR2,,
717,1,8,O_FIRST_NAME_REST,VARCHAR2,,10,55993,57,66,Adesh Shrestha,,,,VARCHAR2,,
717,1,9,O_MID_NAME,VARCHAR2,,1,55994,67,67,Adesh Shrestha,,,,VARCHAR2,,
717,1,10,O_MID_NAME_REST,VARCHAR2,,24,55995,68,91,Adesh Shrestha,,,,VARCHAR2,,
717,1,11,O_LAST_NAME,VARCHAR2,,25,55996,92,116,Adesh Shrestha,,,,VARCHAR2,,
717,1,12,O_ADDR_1,VARCHAR2,,30,55997,117,146,Adesh Shrestha,,,,VARCHAR2,,
717,1,13,O_ADDR_2,VARCHAR2,,30,55998,147,176,Adesh Shrestha,,,,VARCHAR2,,
717,1,14,O_CITY,VARCHAR2,,19,55999,177,195,Adesh Shrestha,,,,VARCHAR2,,
717,1,15,O_CITY_REST,VARCHAR2,,1,56000,196,196,Adesh Shrestha,,,,VARCHAR2,,
717,1,16,O_STATE,VARCHAR2,,2,56001,197,198,Adesh Shrestha,,,,VARCHAR2,,
717,1,17,O_STATE_REST,VARCHAR2,,10,56002,199,208,Adesh Shrestha,,,,VARCHAR2,,
717,1,18,O_ZIP,VARCHAR2,,10,56003,209,218,Adesh Shrestha,,,,VARCHAR2,,
717,1,19,O_COUNTY,VARCHAR2,,20,56004,219,238,Adesh Shrestha,,,,VARCHAR2,,
717,1,20,O_COUNTY_REST,VARCHAR2,,10,56005,239,248,Adesh Shrestha,,,,VARCHAR2,,
717,1,21,O_HOME_PHONE,VARCHAR2,,12,56006,249,260,Adesh Shrestha,,,,VARCHAR2,,
717,1,22,O_WORK_PHONE,VARCHAR2,,12,56007,261,272,Adesh Shrestha,,,,VARCHAR2,,
717,1,23,O_DOB,DATE,MM-DD-YYYY,10,56008,273,282,Adesh Shrestha,,,,DATE,,
717,1,24,O_DOB_REST,VARCHAR2,,2,56009,283,284,Adesh Shrestha,,,,VARCHAR2,,
717,1,25,O_SBR_REL,VARCHAR2,,10,56010,285,294,Adesh Shrestha,,,,VARCHAR2,,
717,1,26,O_SBR_REL_REST,VARCHAR2,,5,56011,295,299,Adesh Shrestha,,,,VARCHAR2,,
717,1,27,O_CURR_ELIG_BEGIN_DT,DATE,MM-DD-YYYY,10,56012,300,309,Adesh Shrestha,,,,DATE,,
717,1,28,O_CURR_ELIG_B_REST,VARCHAR2,,2,56013,310,311,Adesh Shrestha,,,,VARCHAR2,,
717,1,29,O_CURR_ELIG_END_DT,DATE,MM-DD-YYYY,10,56014,312,321,Adesh Shrestha,,,,DATE,,
717,1,30,O_CURR_ELIG_E_REST,VARCHAR2,,2,56015,322,323,Adesh Shrestha,,,,VARCHAR2,,
717,1,31,O_PREV_ELIG_BEGIN_DT,DATE,MM-DD-YYYY,10,56016,324,333,Adesh Shrestha,,,,DATE,,
717,1,32,O_PREV_ELIG_B_REST,VARCHAR2,,2,56017,334,335,Adesh Shrestha,,,,VARCHAR2,,
717,1,33,O_PREV_ELIG_END_DT,DATE,MM-DD-YYYY,10,56018,336,345,Adesh Shrestha,,,,DATE,,
717,1,34,O_PREV_ELIG_E_REST,VARCHAR2,,2,56019,346,347,Adesh Shrestha,,,,VARCHAR2,,
717,1,35,O_PLAN_TYPE_W,VARCHAR2,,3,56020,348,350,Adesh Shrestha,,,,VARCHAR2,,
717,1,36,O_PLAN_TYPE_REST,VARCHAR2,,7,56021,351,357,Adesh Shrestha,,,,VARCHAR2,,
717,1,37,O_LOB,VARCHAR2,,4,56022,358,361,Adesh Shrestha,,,,VARCHAR2,,
717,1,38,O_LOB_REST,VARCHAR2,,3,56023,362,364,Adesh Shrestha,,,,VARCHAR2,,
717,1,39,O_COB,VARCHAR2,,1,56024,365,365,Adesh Shrestha,,,,VARCHAR2,,
717,1,40,O_COB_REST,VARCHAR2,,5,56025,366,370,Adesh Shrestha,,,,VARCHAR2,,
717,1,41,O_CONTRACT_TYPE,VARCHAR2,,1,56026,371,371,Adesh Shrestha,,,,VARCHAR2,,
717,1,42,O_SBR_EMPL_DEPT_NO,VARCHAR2,,8,56027,372,379,Adesh Shrestha,,,,VARCHAR2,,
717,1,43,O_BEN_PLAN,VARCHAR2,,8,56028,380,387,Adesh Shrestha,,,,VARCHAR2,,
717,1,44,O_BEN_PLAN_REST,VARCHAR2,,4,56029,388,391,Adesh Shrestha,,,,VARCHAR2,,
717,1,45,O_TIER,VARCHAR2,,5,56030,392,396,Adesh Shrestha,,,,VARCHAR2,,
717,1,46,O_REGION,VARCHAR2,,2,56031,397,398,Adesh Shrestha,,,,VARCHAR2,,
717,1,47,O_REGION_REST,VARCHAR2,,2,56032,399,400,Adesh Shrestha,,,,VARCHAR2,,
717,1,48,O_PCP,VARCHAR2,,10,56033,401,410,Adesh Shrestha,,,,VARCHAR2,,
717,1,49,O_EMPLOYER,VARCHAR2,,30,56034,411,440,Adesh Shrestha,,,,VARCHAR2,,
717,1,50,O_EMPLOYER_GROUP_ID,VARCHAR2,,5,56035,441,445,Adesh Shrestha,,,,VARCHAR2,,
717,1,51,O_SBR_EMP_NO,VARCHAR2,,10,56036,446,455,Adesh Shrestha,,,,VARCHAR2,,
717,1,52,O_LANGUAGE_IND,VARCHAR2,,2,56037,456,457,Adesh Shrestha,,,,VARCHAR2,,
717,1,53,O_GROUP_NO,VARCHAR2,,8,56038,458,465,Adesh Shrestha,,,,VARCHAR2,,
717,1,55,O_DETAIL_REC_TYPE,VARCHAR2,,1,56040,475,475,Adesh Shrestha,,,,VARCHAR2,,
717,2,1,DATA_START_DATE,DATE,YYYY-MM-DD,10,56041,1,10,Adesh Shrestha,,,,DATE,,
717,2,2,DATA_END_DATE,DATE,YYYY-MM-DD,10,56042,11,20,Adesh Shrestha,,,,DATE,,
717,2,3,RECORD_COUNT,VARCHAR2,,10,56043,21,30,Adesh Shrestha,,,,VARCHAR2,,
717,2,5,RECORD_TYPE,VARCHAR2,,1,56045,475,475,Adesh Shrestha,,,,VARCHAR2,,
