LAYOUTID,SUBLAYOUTID,COLUMNID,COLUMNNAME,DATATYPE,DATETYPEDETIAL,FIELDLENGTH,SN,STARTPOS,ENDPOS,UPDATED_BY,FIELDLINENUMBER,FIELDDELIMITER,FIELDPOSITION,CATEGORY,BUSINESSNAME,SEMANTICKEY
2671,1,14,City,VARCHAR2,,30,193483,165,194,,,,,VARCHAR2,,
2671,1,15,State,VARCHAR2,,2,193484,195,196,,,,,VARCHAR2,,
2671,1,16,Zip_Code,VARCHAR2,,10,193485,197,206,,,,,VARCHAR2,,
2671,1,17,Marital_Status,VARCHAR2,,10,193486,207,216,,,,,VARCHAR2,,
2671,1,18,Death_Date,DATE,YYYYMMDD,8,193487,217,224,,,,,DATE,,
2671,1,19,Retirement_Date,DATE,YYYYMMDD,8,193488,225,232,,,,,DATE,,
2671,1,20,Original_Hire_Date,DATE,YYYYMMDD,8,193489,233,240,,,,,DATE,,
2671,1,21,Length_of_SERV,VARCHAR2,,3,193490,241,243,,,,,VARCHAR2,,
2671,1,22,Employment_Status,VARCHAR2,,2,193491,244,245,,,,,VARCHAR2,,
2671,1,23,Employment_Type,VARCHAR2,,15,193492,246,260,,,,,VARCHAR2,,
2671,1,24,Business_Unit,VARCHAR2,,3,193493,261,263,,,,,VARCHAR2,,
2671,1,26,Work_Loc_Zip_Code,VARCHAR2,,9,193495,266,274,,,,,VARCHAR2,,
2671,1,27,Emp_Salary,NUMBER,,14,193496,275,288,,,,,NUMBER,,
2671,1,28,Exempt_Status,VARCHAR2,,3,193497,289,291,,,,,VARCHAR2,,
2671,1,29,Full_Part_time_ind,VARCHAR2,,10,193498,292,301,,,,,VARCHAR2,,
2671,1,30,Union_ind,VARCHAR2,,10,193499,302,311,,,,,VARCHAR2,,
2671,1,31,Union_Code,VARCHAR2,,40,193500,312,351,,,,,VARCHAR2,,
2671,1,32,Job_Code,VARCHAR2,,4,193501,352,355,,,,,VARCHAR2,,
2671,1,33,SIC_Code,VARCHAR2,,50,193502,356,405,,,,,VARCHAR2,,
2671,1,34,Work_Location,VARCHAR2,,50,193503,406,455,,,,,VARCHAR2,,
2671,1,35,Work_Week_Sch_Hrs,VARCHAR2,,50,193504,456,505,,,,,VARCHAR2,,
2671,1,36,Company_Code,VARCHAR2,,50,193505,506,555,,,,,VARCHAR2,,
2671,1,37,Region,VARCHAR2,,50,193506,556,605,,,,,VARCHAR2,,
2671,1,38,PTO_Allotment_Days,VARCHAR2,,50,193507,606,655,,,,,VARCHAR2,,
2671,1,39,Allotment_Sick_Days,VARCHAR2,,50,193508,656,705,,,,,VARCHAR2,,
2671,1,40,Allotment_Vacation_Days,VARCHAR2,,50,193509,706,755,,,,,VARCHAR2,,
2671,1,41,Termination_Date,DATE,YYYYMMDD,8,193510,756,763,,,,,DATE,,
2671,1,42,Rehire_date,DATE,YYYYMMDD,8,193511,764,771,,,,,DATE,,
2671,1,43,Wage_Basis_Code,VARCHAR2,,1,193512,772,772,,,,,VARCHAR2,,
2671,1,44,Job_Class_Code,VARCHAR2,,5,193513,773,777,,,,,VARCHAR2,,
2671,1,45,Primary_Emp_SSN,VARCHAR2,,9,193514,778,786,,,,,VARCHAR2,,
2671,1,46,Location,VARCHAR2,,50,193515,787,836,,,,,VARCHAR2,,
2671,1,47,Division,VARCHAR2,,50,193516,837,886,,,,,VARCHAR2,,
2671,2,1,Emp_SSN,VARCHAR2,,9,193556,1,9,,,,,VARCHAR2,,
2671,2,2,Relationship,VARCHAR2,,1,193557,10,10,,,,,VARCHAR2,,
2671,2,3,Participants_DOB,DATE,YYYYMMDD,8,193558,11,18,,,,,DATE,,3
2671,2,4,Record_Type_Ind,VARCHAR2,,1,193559,19,19,,,,,VARCHAR2,,
2671,2,5,Benefit_Type,VARCHAR2,,2,193560,20,21,,,,,VARCHAR2,,
2671,2,6,Dependent_SSN,VARCHAR2,,9,193561,22,30,,,,,VARCHAR2,,
2671,2,7,Last_Name,VARCHAR2,,30,193562,31,60,,,,,VARCHAR2,,12
2671,2,8,First_Name,VARCHAR2,,20,193563,61,80,,,,,VARCHAR2,,
2671,2,9,Posted_Date,DATE,YYYYMMDD,8,193564,81,88,,,,,DATE,,
2671,2,10,Coverage_Begin_Date,DATE,YYYYMMDD,8,193565,89,96,,,,,DATE,,
2671,2,11,Coverage_Term_Date,DATE,YYYYMMDD,8,193566,97,104,,,,,DATE,,
2671,2,12,Benefit_ID,VARCHAR2,,2,193567,105,106,,,,,VARCHAR2,,
2671,2,13,Fully_Insured_Ind,VARCHAR2,,1,193568,107,107,,,,,VARCHAR2,,
2671,2,14,Elig_Cov_ind,VARCHAR2,,1,193569,108,108,,,,,VARCHAR2,,
2671,2,15,Product_Code,VARCHAR2,,10,193570,109,118,,,,,VARCHAR2,,
2671,2,16,Emp_Cov_Level,VARCHAR2,,2,193571,119,120,,,,,VARCHAR2,,
2671,2,17,Medical_Vendor,VARCHAR2,,3,193572,121,123,,,,,VARCHAR2,,
2671,2,18,Payer_ID,VARCHAR2,,3,193573,124,126,,,,,VARCHAR2,,
2671,2,20,Plan_Code,VARCHAR2,,10,193575,129,138,,,,,VARCHAR2,,
2671,2,21,HCFSA_Annual_Goal_Amt,VARCHAR2,,10,193576,139,148,,,,,VARCHAR2,,
2671,2,22,DCFSA_Annual_Goal_Amt,VARCHAR2,,10,193577,149,158,,,,,VARCHAR2,,
2671,2,23,LPHCFSA_Annual_Emp_Cont_Amt,VARCHAR2,,10,193578,159,168,,,,,VARCHAR2,,
2671,2,24,HSA_Annual_Emp_Cont_Amt,VARCHAR2,,10,193579,169,178,,,,,VARCHAR2,,
2671,1,1,Emp_SSN,VARCHAR2,,9,193470,1,9,,,,,VARCHAR2,,
2671,1,2,Relationship,VARCHAR2,,1,193471,10,10,,,,,VARCHAR2,,
2671,1,3,Birth_Date,DATE,YYYYMMDD,8,193472,11,18,,,,,DATE,,
2671,1,4,Record_Type_Ind,VARCHAR2,,1,193473,19,19,,,,,VARCHAR2,,
2671,1,5,Benefit_Type,VARCHAR2,,2,193474,20,21,,,,,VARCHAR2,,
2671,1,6,Dependent_SSN,VARCHAR2,,9,193475,22,30,,,,,VARCHAR2,,
2671,1,7,Last_Name,VARCHAR2,,30,193476,31,60,,,,,VARCHAR2,,
2671,1,8,First_Name,VARCHAR2,,20,193477,61,80,,,,,VARCHAR2,,
2671,1,9,Age,VARCHAR2,,3,193478,81,83,,,,,VARCHAR2,,
2671,1,10,Gender,VARCHAR2,,1,193479,84,84,,,,,VARCHAR2,,
2671,1,11,Net_Credit_SERV_Date,DATE,YYYYMMDD,10,193480,85,94,,,,,DATE,,
2671,1,12,Address_Line_1,VARCHAR2,,35,193481,95,129,,,,,VARCHAR2,,
2671,1,13,Address_Line_2,VARCHAR2,,35,193482,130,164,,,,,VARCHAR2,,
2671,2,27,Customer_Defined_Field_8,VARCHAR2,,10,193582,199,208,,,,,VARCHAR2,,
2671,2,28,Customer_Defined_Field_9,VARCHAR2,,10,193583,209,218,,,,,VARCHAR2,,
2671,2,29,Customer_Defined_Field_10,VARCHAR2,,10,193584,219,228,,,,,VARCHAR2,,
2671,2,30,COB_ind,VARCHAR2,,50,193585,229,278,,,,,VARCHAR2,,
2671,2,31,Medicare_ind,VARCHAR2,,1,193586,279,279,,,,,VARCHAR2,,
2671,2,32,PCP_Provider_Id,VARCHAR2,,25,193587,280,304,,,,,VARCHAR2,,
2671,2,33,PCP_Provider_Market,VARCHAR2,,25,193588,305,329,,,,,VARCHAR2,,
2671,2,34,Emp_Cont_Amt,NUMBER,,7,193589,330,336,,,,,NUMBER,,
2671,2,35,Monthly_Comp_Prem_Amt,NUMBER,,7,193590,337,343,,,,,NUMBER,,
2671,2,36,Monthly_Admin_Fee,NUMBER,,7,193591,344,350,,,,,NUMBER,,
2671,2,37,Elig_Snapshot_Month,DATE,YYYYMMDD,8,193592,351,358,,,,,DATE,,
2671,2,38,Medical_Plan_Type,VARCHAR2,,4,193593,359,362,,,,,VARCHAR2,,
2671,2,39,Elig_End_Reason_Code,VARCHAR2,,1,193594,363,363,,,,,VARCHAR2,,
2671,2,40,LTD_Waiting_Period,VARCHAR2,,4,193595,364,367,,,,,VARCHAR2,,
2671,2,41,STD_Waiting_Period,VARCHAR2,,4,193596,368,371,,,,,VARCHAR2,,
2671,2,25,HSA_Annual_Employer_Cont_Amt,VARCHAR2,,10,193580,179,188,,,,,VARCHAR2,,
2671,2,26,HRA_Annual_Employer_Cont_Amt,VARCHAR2,,10,193581,189,198,,,,,VARCHAR2,,
2671,3,1,Total_Record_Count,NUMBER,,10,193599,1,10,,,,,NUMBER,,
2671,3,2,Start_Date,DATE,YYYYMMDD,8,193600,11,18,,,,,DATE,,
2671,3,3,Record_Type_ind,VARCHAR2,,1,193601,19,19,,,,,VARCHAR2,,
2671,3,4,End_Date,DATE,YYYYMMDD,8,193602,20,27,,,,,DATE,,
2671,3,5,ECT,VARCHAR2,,20,193603,28,47,,,,,VARCHAR2,,
2671,3,6,MCPAT,VARCHAR2,,20,193604,48,67,,,,,VARCHAR2,,
2671,3,7,CLIENTNAME,VARCHAR2,,50,193605,68,117,,,,,VARCHAR2,,
