LAYOUTID,SUBLAYOUTID,COLUMNID,COLUMNNAME,DATATYPE,DATETYPEDETIAL,FIELDLENGTH,SN,STARTPOS,ENDPOS,UPDATED_BY,FIELDLINENUMBER,FIELDDELIMITER,FIELDPOSITION,CATEGORY,BUSINESSNAME,SEMANTICKEY
1148,1,2,Region_Code_1,VARCHAR2,,10,81468,3,12,,,,,VARCHAR2,,
1148,1,3,Vendor_No,VARCHAR2,,15,81469,13,27,,,,,VARCHAR2,,
1148,1,4,Carrier_No,VARCHAR2,,15,81470,28,42,,,,,VARCHAR2,,
1148,1,5,Payment_Batch_No,VARCHAR2,,10,81471,43,52,,,,,VARCHAR2,,
1148,1,6,Payment_Batch_Date,DATE,YYYYMMDD,8,81472,53,60,,,,,DATE,,
1148,1,7,Member_No,VARCHAR2,,13,81473,61,73,,,,,VARCHAR2,,
1148,1,8,Person_Code,VARCHAR2,,2,81474,74,75,,,,,VARCHAR2,,
1148,1,9,Relationship_Code,VARCHAR2,,1,81475,76,76,,,,,VARCHAR2,,
1148,1,10,Group_No,VARCHAR2,,10,81476,77,86,,,,,VARCHAR2,,
1148,1,11,Division_No,VARCHAR2,,10,81477,87,96,,,,,VARCHAR2,,
1148,1,12,Date_of_Birth,DATE,YYYYMMDD,8,81478,97,104,,,,,DATE,,
1148,1,13,Last_Name,VARCHAR2,,50,81479,105,154,,,,,VARCHAR2,,
1148,1,14,Headquarter_Code,VARCHAR2,,5,81480,155,159,,,,,VARCHAR2,,
1148,1,15,Chain_ID,VARCHAR2,,10,81481,160,169,,,,,VARCHAR2,,
1148,1,16,Ingredient_Cost,NUMBER,,8,81482,170,177,,,,,NUMBER,,
1148,1,17,Claim_ID,VARCHAR2,,14,81483,178,191,,,,,VARCHAR2,,
1148,1,18,TCC_Standard_Code,VARCHAR2,,2,81484,192,193,,,,,VARCHAR2,,
1148,1,19,Generic_Product_Flag,VARCHAR2,,1,81485,194,194,,,,,VARCHAR2,,
1148,1,20,Claim_Created_Date,DATE,YYYYMMDD,8,81486,195,202,,,,,DATE,,
1148,1,21,Region_code_2,VARCHAR2,,10,81487,203,212,,,,,VARCHAR2,,
1148,1,22,Prebalcalcingredcost,NUMBER,,10,81488,213,222,,,,,NUMBER,,
1148,1,23,Prescriber_ID,VARCHAR2,,15,81489,223,237,,,,,VARCHAR2,,
1148,1,24,Prescriber_ID_Type,VARCHAR2,,30,81490,238,267,,,,,VARCHAR2,,
1148,1,25,NDC_No,VARCHAR2,,11,81491,268,278,,,,,VARCHAR2,,
1148,1,26,Date_of_Service,DATE,YYYYMMDD,8,81492,279,286,,,,,DATE,,
1148,1,27,Metric_Quantity,NUMBER,,10,81493,287,296,,,,,NUMBER,,
1148,1,28,DAW_Code,VARCHAR2,,1,81494,297,297,,,,,VARCHAR2,,
1148,1,29,Compound_Code,VARCHAR2,,1,81495,298,298,,,,,VARCHAR2,,
1148,1,30,Approval_No,VARCHAR2,,10,81496,299,308,,,,,VARCHAR2,,
1148,1,31,Days_Supply,NUMBER,,10,81497,309,318,,,,,NUMBER,,
1148,1,32,New_Refill_Code,VARCHAR2,,2,81498,319,320,,,,,VARCHAR2,,
1148,1,33,PrebalProfServFee,NUMBER,,5,81499,321,325,,,,,NUMBER,,
1148,1,35,Facility_Code,VARCHAR2,,10,81501,331,340,,,,,VARCHAR2,,
1148,1,36,COB_Code,VARCHAR2,,2,81502,341,342,,,,,VARCHAR2,,
1148,1,37,Medicare_Code,VARCHAR2,,1,81503,343,343,,,,,VARCHAR2,,
1148,1,38,Formulary_Flag,VARCHAR2,,1,81504,344,344,,,,,VARCHAR2,,
1148,1,39,Member_Residence_Code,VARCHAR2,,2,81505,345,346,,,,,VARCHAR2,,
1148,1,40,Other_Coverage_Code,VARCHAR2,,1,81506,347,347,,,,,VARCHAR2,,
1148,1,41,EligClarifCode,VARCHAR2,,1,81507,348,348,,,,,VARCHAR2,,
1148,1,42,Dispensing_Fee,NUMBER,,10,81508,349,358,,,,,NUMBER,,
1148,1,43,Billed_Amount,NUMBER,,10,81509,359,368,,,,,NUMBER,,
1148,1,44,Total_Cost,NUMBER,,10,81510,369,378,,,,,NUMBER,,
1148,1,45,Paid_Amount,NUMBER,,10,81511,379,388,,,,,NUMBER,,
1148,1,46,Generic_Code_No,VARCHAR2,,5,81512,389,393,,,,,VARCHAR2,,
1148,1,47,Used_Price_Code,VARCHAR2,,1,81513,394,394,,,,,VARCHAR2,,
1148,1,48,Claim_Status_Code,VARCHAR2,,1,81514,395,395,,,,,VARCHAR2,,
1148,1,49,Region_Code_3,VARCHAR2,,10,81515,396,405,,,,,VARCHAR2,,
1148,1,50,Paid_Date,DATE,YYYYMMDD,8,81516,406,413,,,,,DATE,,
1148,1,51,Check_Reference_No,VARCHAR2,,10,81517,414,423,,,,,VARCHAR2,,
1148,1,52,Message_Field_Code,VARCHAR2,,3,81518,424,426,,,,,VARCHAR2,,
1148,1,53,Out_of_Pocket,NUMBER,,8,81519,427,434,,,,,NUMBER,,
1148,1,54,Drug_Category,VARCHAR2,,1,81520,435,435,,,,,VARCHAR2,,
1148,1,55,Payment_Type_Code,VARCHAR2,,2,81521,436,437,,,,,VARCHAR2,,
1148,1,56,Gender,VARCHAR2,,1,81522,438,438,,,,,VARCHAR2,,
1148,1,57,General_Text_Message,VARCHAR2,,61,81523,439,499,,,,,VARCHAR2,,
1148,1,58,NAF_Dispensing_Fee,NUMBER,,5,81524,500,504,,,,,NUMBER,,
1148,1,59,NAF_Paid_Amount,NUMBER,,10,81525,505,514,,,,,NUMBER,,
1148,1,60,Benefit_Code,VARCHAR2,,10,81526,515,524,,,,,VARCHAR2,,
1148,1,61,Copay_Amount,NUMBER,,8,81527,525,532,,,,,NUMBER,,
1148,1,62,NAF_Ingredient_Cost,NUMBER,,10,81528,533,542,,,,,NUMBER,,
1148,1,63,Reference_No,VARCHAR2,,14,81529,543,556,,,,,VARCHAR2,,
1148,1,64,AHFS_Therapeutic_Code,VARCHAR2,,6,81530,557,562,,,,,VARCHAR2,,
1148,1,65,Label_Name,VARCHAR2,,30,81531,563,592,,,,,VARCHAR2,,
1148,1,66,Claim_Source_Code,VARCHAR2,,1,81532,593,593,,,,,VARCHAR2,,
1148,1,67,Undiscounted_AWP_unitprice,NUMBER,,14,81533,594,607,,,,,NUMBER,,
1148,1,68,Member_First_Name,VARCHAR2,,30,81534,608,637,,,,,VARCHAR2,,
1148,1,69,Member_Age,VARCHAR2,,3,81535,638,640,,,,,VARCHAR2,,
1148,1,70,Drug_Name_Brand,VARCHAR2,,50,81536,641,690,,,,,VARCHAR2,,
1148,1,71,Deductible_Amount,NUMBER,,8,81537,691,698,,,,,NUMBER,,
1148,1,72,PCP_ID_No,VARCHAR2,,18,81538,699,716,,,,,VARCHAR2,,
1148,1,73,Alternate_Member_No,VARCHAR2,,18,81539,717,734,,,,,VARCHAR2,,
1148,1,74,Tax_Amount_New,NUMBER,,7,81540,735,741,,,,,NUMBER,,
1148,1,76,Generic_Flag,VARCHAR2,,1,81542,749,749,,,,,VARCHAR2,,
1148,1,77,Physician_First_Name,VARCHAR2,,51,81543,750,800,,,,,VARCHAR2,,
1148,1,78,Physician_Last_Name,VARCHAR2,,51,81544,801,851,,,,,VARCHAR2,,
1148,1,79,Metric_Decimal_Quantity,NUMBER,,13,81545,852,864,,,,,NUMBER,,
1148,1,80,Member_No_Overflow,VARCHAR2,,11,81546,865,875,,,,,VARCHAR2,,
1148,1,81,Pharmacy_Name,VARCHAR2,,50,81547,876,925,,,,,VARCHAR2,,
1148,1,82,Pharmacy_Medi_Cal_ID,VARCHAR2,,15,81548,926,940,,,,,VARCHAR2,,
1148,1,84,Part_D_Type_Indicator,VARCHAR2,,1,81550,949,949,,,,,VARCHAR2,,
1148,1,85,Pharmacy_Address,VARCHAR2,,50,81551,950,999,,,,,VARCHAR2,,
1148,1,86,Pharmacy_City,VARCHAR2,,50,81552,1000,1049,,,,,VARCHAR2,,
1148,1,87,Pharmacy_St,VARCHAR2,,2,81553,1050,1051,,,,,VARCHAR2,,
1148,1,88,Pharmacy_Zip,VARCHAR2,,10,81554,1052,1061,,,,,VARCHAR2,,
1148,1,89,Pharmacy_Phone,VARCHAR2,,15,81555,1062,1076,,,,,VARCHAR2,,
1148,1,90,Pharmacy_Tax_ID,VARCHAR2,,20,81556,1077,1096,,,,,VARCHAR2,,
1148,1,91,TCC_Standard_Description,VARCHAR2,,29,81557,1097,1125,,,,,VARCHAR2,,
1148,1,92,AHFS_Therapeutic_Description,VARCHAR2,,30,81558,1126,1155,,,,,VARCHAR2,,
1148,1,93,Pharmacy_County,VARCHAR2,,50,81559,1156,1205,,,,,VARCHAR2,,
1148,1,94,Medicaid_No,VARCHAR2,,18,81560,1206,1223,,,,,VARCHAR2,,
1148,1,95,Social_Security_No,VARCHAR2,,9,81561,1224,1232,,,,,VARCHAR2,,
1148,1,96,Class_Code,VARCHAR2,,1,81562,1233,1233,,,,,VARCHAR2,,
1148,1,97,Submitted_Vendor_ID,VARCHAR2,,10,81563,1234,1243,,,,,VARCHAR2,,
1148,1,98,Submitted_Vendor_ID_Code,VARCHAR2,,2,81564,1244,1245,,,,,VARCHAR2,,
1148,1,99,Submitted_Prescriber_ID,VARCHAR2,,10,81565,1246,1255,,,,,VARCHAR2,,
1148,1,100,Submitted_Prescriber_ID_code,VARCHAR2,,2,81566,1256,1257,,,,,VARCHAR2,,
1148,1,101,HICL,VARCHAR2,,5,81567,1258,1262,,,,,VARCHAR2,,
1148,1,102,HICL_Description,VARCHAR2,,50,81568,1263,1312,,,,,VARCHAR2,,
1148,1,103,GTC_Code,VARCHAR2,,2,81569,1313,1314,,,,,VARCHAR2,,
1148,1,104,GTC_Description,VARCHAR2,,50,81570,1315,1364,,,,,VARCHAR2,,
1148,1,105,STC_Code,VARCHAR2,,4,81571,1365,1368,,,,,VARCHAR2,,
1148,1,106,STC_Description,VARCHAR2,,50,81572,1369,1418,,,,,VARCHAR2,,
1148,1,107,Professional_Service_Fee,NUMBER,,5,81573,1419,1423,,,,,NUMBER,,
1148,1,108,Member_LICS_Level_No,VARCHAR2,,1,81574,1424,1424,,,,,VARCHAR2,,
1148,1,109,Member_Middle_Initial,VARCHAR2,,1,81575,1425,1425,,,,,VARCHAR2,,
1148,1,110,Carrier_Type,VARCHAR2,,1,81576,1426,1426,,,,,VARCHAR2,,
1148,1,111,Self_Injectable,VARCHAR2,,1,81577,1427,1427,,,,,VARCHAR2,,
1148,1,112,Adjustment_Type,VARCHAR2,,30,81578,1428,1457,,,,,VARCHAR2,,
1148,1,113,AdjustedSrcClaim_Identity,VARCHAR2,,20,81579,1458,1477,,,,,VARCHAR2,,
1148,1,114,Carrier_CMS_Part_D_Code,VARCHAR2,,1,81580,1478,1478,,,,,VARCHAR2,,
1148,1,115,Claim_Status_Code_1,VARCHAR2,,30,81581,1479,1508,,,,,VARCHAR2,,
1148,1,116,Reject_Reason_Description,VARCHAR2,,50,81582,1509,1558,,,,,VARCHAR2,,
1148,1,117,AHFS8_Therapeutic_Code,VARCHAR2,,8,81583,1559,1566,,,,,VARCHAR2,,
1148,1,118,Route_Description,VARCHAR2,,10,81584,1567,1576,,,,,VARCHAR2,,
1148,1,119,Additional_Copay_Amount,NUMBER,,10,81585,1577,1586,,,,,NUMBER,,
1148,1,120,RDS_Part_D_Indicator,VARCHAR2,,1,81586,1587,1587,,,,,VARCHAR2,,
1148,1,121,Alt_Undiscounted_AWP_unitprice,NUMBER,,14,81587,1588,1601,,,,,NUMBER,,
1148,1,122,DAW_Difference,VARCHAR2,,8,81588,1602,1609,,,,,VARCHAR2,,
1148,1,123,Drug_Group_Report_Code,VARCHAR2,,1,81589,1610,1610,,,,,VARCHAR2,,
1148,1,124,Drug_Pgm_Code,VARCHAR2,,20,81590,1611,1630,,,,,VARCHAR2,,
1148,1,125,Drug_Pgm_Patient_Type,VARCHAR2,,10,81591,1631,1640,,,,,VARCHAR2,,
1148,1,126,Drug_Pgm_Price_Code,VARCHAR2,,20,81592,1641,1660,,,,,VARCHAR2,,
1148,1,127,Drug_Pgm_Applied_Price_Type,VARCHAR2,,20,81593,1661,1680,,,,,VARCHAR2,,
1148,1,128,Drug_Pgm_Savings_Amt,NUMBER,,10,81594,1681,1690,,,,,NUMBER,,
1148,1,129,Drug_Pgm_Ingr_Cost,NUMBER,,10,81595,1691,1700,,,,,NUMBER,,
1148,1,130,Drug_Pgm_Fill_Fee,NUMBER,,5,81596,1701,1705,,,,,NUMBER,,
1148,1,131,Drug_Pgm_Admin_Fee,NUMBER,,5,81597,1706,1710,,,,,NUMBER,,
1148,1,132,Drug_Pgm_Third_Party,VARCHAR2,,5,81598,1711,1715,,,,,VARCHAR2,,
1148,1,133,Drug_Pgm_Third_Party_Charge,VARCHAR2,,5,81599,1716,1720,,,,,VARCHAR2,,
1148,1,134,Rx_Origin_Code,VARCHAR2,,1,81600,1721,1721,,,,,VARCHAR2,,
1148,1,135,Refill_No,VARCHAR2,,2,81601,1722,1723,,,,,VARCHAR2,,
1148,1,136,Rx_Denial_Override_1,VARCHAR2,,2,81602,1724,1725,,,,,VARCHAR2,,
1148,1,137,Rx_Denial_Override_2,VARCHAR2,,2,81603,1726,1727,,,,,VARCHAR2,,
1148,1,138,Rx_Denial_Override_3,VARCHAR2,,2,81604,1728,1729,,,,,VARCHAR2,,
1148,1,139,Derived_Physician_NPI,VARCHAR2,,10,81605,1730,1739,,,,,VARCHAR2,,
1148,1,140,PA_Type_Code,VARCHAR2,,2,81606,1740,1741,,,,,VARCHAR2,,
1148,1,141,Submitted_PA_Code_No,VARCHAR2,,11,81607,1742,1752,,,,,VARCHAR2,,
1148,1,142,PA_Status_Code,VARCHAR2,,5,81608,1753,1757,,,,,VARCHAR2,,
1148,1,143,PA_Status_Code_2,VARCHAR2,,5,81609,1758,1762,,,,,VARCHAR2,,
1148,1,144,PA_Status_Code_3,VARCHAR2,,5,81610,1763,1767,,,,,VARCHAR2,,
1148,1,145,Unit_Dose_Indicator,VARCHAR2,,1,81611,1768,1768,,,,,VARCHAR2,,
1148,1,146,Patient_Residence,VARCHAR2,,2,81612,1769,1770,,,,,VARCHAR2,,
1148,1,147,Pharmacy_Service_Type,VARCHAR2,,2,81613,1771,1772,,,,,VARCHAR2,,
1148,1,148,CMSPart_D_Def_Qualified_Fac,VARCHAR2,,1,81614,1773,1773,,,,,VARCHAR2,,
1148,1,149,Place_of_Service,VARCHAR2,,2,81615,1774,1775,,,,,VARCHAR2,,
1148,1,150,Sum_of_OtherPayer_AmountPaid,NUMBER,,10,81616,1776,1785,,,,,NUMBER,,
1148,1,151,Copay_Billed,NUMBER,,10,81617,1786,1795,,,,,NUMBER,,
1148,1,152,RX_No,VARCHAR2,,12,81618,1796,1807,,,,,VARCHAR2,,
1148,1,153,Claim_Version,VARCHAR2,,2,81619,1808,1809,,,,,VARCHAR2,,
1148,1,154,Tier,VARCHAR2,,2,81620,1810,1811,,,,,VARCHAR2,,
1148,1,155,Source_Claim_Identity,VARCHAR2,,14,81621,1812,1825,,,,,VARCHAR2,,
1148,1,156,Claim_Association_Type,VARCHAR2,,30,81622,1826,1855,,,,,VARCHAR2,,
1148,1,157,Beginning_Tier,VARCHAR2,,2,81623,1856,1857,,,,,VARCHAR2,,
1148,1,158,Pharmacy_Chain_Name,VARCHAR2,,30,81624,1858,1887,,,,,VARCHAR2,,
1148,1,159,Discount_Percent,VARCHAR2,,2,81625,1888,1889,,,,,VARCHAR2,,
1148,1,160,Medicaid_ID_No,VARCHAR2,,18,81626,1890,1907,,,,,VARCHAR2,,
1148,1,161,Medicaid_Agency_ID_No,VARCHAR2,,15,81627,1908,1922,,,,,VARCHAR2,,
1148,1,162,Medicaid_Claim_No,VARCHAR2,,20,81628,1923,1942,,,,,VARCHAR2,,
1148,1,163,Medicaid_Paid_Amount,NUMBER,,9,81629,1943,1951,,,,,NUMBER,,
1148,1,164,EGWP_amount,NUMBER,,10,81630,1952,1961,,,,,NUMBER,,
1148,1,165,Prebalanced_DispensingFee,NUMBER,,10,81631,1962,1971,,,,,NUMBER,,
1148,1,166,Submitted_U_C_amount,NUMBER,,10,81632,1972,1981,,,,,NUMBER,,
1148,1,1,Record_Type,VARCHAR2,,2,81467,1,2,,,,,VARCHAR2,,
1148,1,83,Date_Rx_Written,DATE,YYYYMMDD,8,81549,941,948,,,,,DATE,,
