LAYOUTID,SUBLAYOUTID,COLUMNID,COLUMNNAME,DATATYPE,DATETYPEDETIAL,FIELDLENGTH,SN,STARTPOS,ENDPOS,UPDATED_BY,FIELDLINENUMBER,FIELDDELIMITER,FIELDPOSITION,CATEGORY,BUSINESSNAME,SEMANTICKEY
3126,1,1,CONTRACT_NUMBER,VARCHAR2,,20,252929,1,20,,,,,VARCHAR2,,
3126,1,2,MEMBER_NUMBER,VARCHAR2,,15,252930,21,35,,,,,VARCHAR2,,
3126,1,3,MEMBER_RELATIONSHIP,VARCHAR2,,2,252931,36,37,,,,,VARCHAR2,,
3126,1,4,MEMBER_IDENTIFICATION_NUMBER,VARCHAR2,,9,252932,38,46,,,,,VARCHAR2,,
3126,1,5,TRANSACTION_ID,VARCHAR2,,20,252933,47,66,,,,,VARCHAR2,,
3126,1,6,GROUP_NUMBER,VARCHAR2,,5,252934,67,71,,,,,VARCHAR2,,
3126,1,7,GROUP_DIVISION_NUMBER,VARCHAR2,,3,252935,72,74,,,,,VARCHAR2,,
3126,1,8,GROUP_AFFILIATION_NUMBER,VARCHAR2,,2,252936,75,76,,,,,VARCHAR2,,
3126,1,9,CLAIM_NUMBER,VARCHAR2,,30,252937,77,106,,,,,VARCHAR2,,
3126,1,10,CLAIM_DETAIL_LINE_NUMBER,VARCHAR2,,30,252938,107,136,,,,,VARCHAR2,,
3126,1,11,CLAIM_CROSS_REFERENCE_NUMBER,VARCHAR2,,18,252939,137,154,,,,,VARCHAR2,,
3126,1,12,PRESCRIPTION_NUMBER,VARCHAR2,,20,252940,155,174,,,,,VARCHAR2,,
3126,1,13,PHARMACY_NUMBER,VARCHAR2,,15,252941,175,189,,,,,VARCHAR2,,
3126,1,14,PHARMACY_IDENTIFIER,VARCHAR2,,15,252942,190,204,,,,,VARCHAR2,,
3126,1,15,QUALIFIER_CODE,VARCHAR2,,2,252943,205,206,,,,,VARCHAR2,,
3126,1,16,REFILL_INDICATOR,VARCHAR2,,1,252944,207,207,,,,,VARCHAR2,,
3126,1,17,DAYS_SUPPLY,NUMBER,,19,252945,208,226,,,,,NUMBER,,53
3126,1,18,QUANTITY_DISPENSED,NUMBER,,19,252946,227,245,,,,,NUMBER,,
3126,1,19,PRESCRIPTION_FILL_DATE,DATE,YYYY-MM-DD,200,252947,246,445,,,,,DATE,,57
3126,1,20,NDC_CODE,VARCHAR2,,12,252948,446,457,,,,,VARCHAR2,,55
3126,1,21,PAID_DATE,DATE,YYYY-MM-DD,200,252949,458,657,,,,,DATE,,
3126,1,22,CLAIM_STATUS,VARCHAR2,,1,252950,658,658,,,,,VARCHAR2,,
3126,1,23,CHARGE_AMOUNT,NUMBER,,19,252951,659,677,,,,,NUMBER,,
3126,1,24,PAID_AMOUNT,NUMBER,,19,252952,678,696,,,,,NUMBER,,
3126,1,25,ADJUSTMENT_REASON,VARCHAR2,,5,252953,697,701,,,,,VARCHAR2,,
3126,1,26,DISPENSED_AS_WRITTEN,VARCHAR2,,1,252954,702,702,,,,,VARCHAR2,,
3126,1,27,FORMULARY_INDICATOR,VARCHAR2,,1,252955,703,703,,,,,VARCHAR2,,
3126,1,28,MAINTENANCE_INDICATOR,VARCHAR2,,1,252956,704,704,,,,,VARCHAR2,,
3126,1,29,DRUG_PRODUCT_NAME,VARCHAR2,,100,252957,705,804,,,,,VARCHAR2,,
3126,1,30,PRESCRIPTION_WRITTEN_DATE,DATE,YYYY-MM-DD,200,252958,805,1004,,,,,DATE,,
3126,1,31,GENERIC_DRUG_INDICATOR,VARCHAR2,,1,252959,1005,1005,,,,,VARCHAR2,,
3126,1,32,DISPENSING_FEE_AMOUNT,NUMBER,,19,252960,1006,1024,,,,,NUMBER,,54
3126,1,33,AVG_WHOLESALE_PRICE,NUMBER,,19,252961,1025,1043,,,,,NUMBER,,
3126,1,34,COMPOUND_CODE,VARCHAR2,,1,252962,1044,1044,,,,,VARCHAR2,,
3126,1,35,INGREDIENT_COST_AMOUNT,NUMBER,,19,252963,1045,1063,,,,,NUMBER,,
3126,1,36,DRUG_STRENGTH_MEASUREMENT,VARCHAR2,,10,252964,1064,1073,,,,,VARCHAR2,,56
3126,1,37,DRUG_UNIT_OF_MEASURE,VARCHAR2,,2,252965,1074,1075,,,,,VARCHAR2,,
3126,1,38,PRIOR_AUTHORIZATION_NUMBER,VARCHAR2,,11,252966,1076,1086,,,,,VARCHAR2,,
3126,1,39,PRESCRIBING_PROVIDER_NUMBER,VARCHAR2,,15,252967,1087,1101,,,,,VARCHAR2,,
3126,1,40,DEA_DRUG_CLASS,VARCHAR2,,1,252968,1102,1102,,,,,VARCHAR2,,
3126,1,41,MULTIPLE_PRODUCER_CODE,VARCHAR2,,1,252969,1103,1103,,,,,VARCHAR2,,
3126,1,42,COINSURANCE_AMOUNT,NUMBER,,19,252970,1104,1122,,,,,NUMBER,,
3126,1,43,COPAY_AMOUNT,NUMBER,,19,252971,1123,1141,,,,,NUMBER,,
3126,1,44,DEDUCTIBLE_AMOUNT,NUMBER,,19,252972,1142,1160,,,,,NUMBER,,
3126,1,45,ALLOWED_AMOUNT,NUMBER,,19,252973,1161,1179,,,,,NUMBER,,
3126,1,46,DISPOSITION_CODE,VARCHAR2,,1,252974,1180,1180,,,,,VARCHAR2,,
3126,1,47,PRESCRIPTION_FILL_NUMBER,VARCHAR2,,20,252975,1181,1200,,,,,VARCHAR2,,
3126,1,48,MAIL_ORDER_INDICATOR,VARCHAR2,,1,252976,1201,1201,,,,,VARCHAR2,,58
3126,1,49,SOURCE_SYSTEM,VARCHAR2,,4,252977,1202,1205,,,,,VARCHAR2,,
3126,1,50,FOUR_DIGIT_SSN,VARCHAR2,,4,252978,1206,1209,,,,,VARCHAR2,,
