LAYOUTID,SUBLAYOUTID,COLUMNID,COLUMNNAME,DATATYPE,DATETYPEDETIAL,FIELDLENGTH,SN,STARTPOS,ENDPOS,UPDATED_BY,FIELDLINENUMBER,FIELDDELIMITER,FIELDPOSITION,CATEGORY,BUSINESSNAME,SEMANTICKEY
522,1,1,RECORDID,VARCHAR2,,15,41171,1,15,Nimesh Pudasaini,,,,VARCHAR2,,
522,1,2,JOBID,VARCHAR2,,20,41172,16,35,Nimesh Pudasaini,,,,VARCHAR2,,
522,1,3,RECORDSTATUS,VARCHAR2,,10,41173,36,45,Nimesh Pudasaini,,,,VARCHAR2,,
522,1,4,TPACODE,VARCHAR2,,30,41174,46,75,Nimesh Pudasaini,,,,VARCHAR2,,
522,1,5,TPAMEMBERID,VARCHAR2,,55,41175,76,130,Nimesh Pudasaini,,,,VARCHAR2,,
522,1,6,MEMBERID,VARCHAR2,,105,41176,131,235,Nimesh Pudasaini,,,,VARCHAR2,,
522,1,7,PLANTYPE,VARCHAR2,,8,41177,236,243,Nimesh Pudasaini,,,,VARCHAR2,,
522,1,8,CLAIMNBR,VARCHAR2,,30,41178,244,273,Nimesh Pudasaini,,,,VARCHAR2,,25
522,1,9,CLAIMLINENBR,VARCHAR2,,16,41179,274,289,Nimesh Pudasaini,,,,VARCHAR2,,
522,1,10,CONSORTNBR,VARCHAR2,,16,41180,290,305,Nimesh Pudasaini,,,,VARCHAR2,,
522,1,11,DIVISIONNBR,VARCHAR2,,16,41181,306,321,Nimesh Pudasaini,,,,VARCHAR2,,
522,1,12,ENROLLSTATUSCODE,VARCHAR2,,7,41182,322,328,Nimesh Pudasaini,,,,VARCHAR2,,
522,1,13,POPULATIONCATCODE,VARCHAR2,,15,41183,329,343,Nimesh Pudasaini,,,,VARCHAR2,,
522,1,14,PLANCODE,VARCHAR2,,100,41184,344,359,Nimesh Pudasaini,,,,VARCHAR2,,
522,1,15,EESSN,VARCHAR2,,14,41185,360,373,Nimesh Pudasaini,,,,VARCHAR2,,
522,1,16,MEMBERFIRSTNAME,VARCHAR2,,35,41186,374,408,Nimesh Pudasaini,,,,VARCHAR2,,
522,1,17,MEMBERLASTNAME,VARCHAR2,,35,41187,409,443,Nimesh Pudasaini,,,,VARCHAR2,,
522,1,18,DEPENDENTNBR,VARCHAR2,,7,41188,444,450,Nimesh Pudasaini,,,,VARCHAR2,,
522,1,19,GENDER,VARCHAR2,,6,41189,451,456,Nimesh Pudasaini,,,,VARCHAR2,,
522,1,20,BIRTHDATE,DATE,YYYY-MM-DD HH24:MI:SS,50,41190,457,506,Nimesh Pudasaini,,,,DATE,,
522,1,21,AGEYEARS,VARCHAR2,,10,41191,507,516,Nimesh Pudasaini,,,,VARCHAR2,,
522,1,22,NETWORKCODE1,VARCHAR2,,20,41192,517,536,Nimesh Pudasaini,,,,VARCHAR2,,
522,1,23,NETWORKCODE2,VARCHAR2,,20,41193,537,556,Nimesh Pudasaini,,,,VARCHAR2,,
522,1,24,NETWORKPARTSTATUS,VARCHAR2,,6,41194,557,562,Nimesh Pudasaini,,,,VARCHAR2,,
522,1,25,PROVIDERNBRTIN,VARCHAR2,,55,41195,563,617,Nimesh Pudasaini,,,,VARCHAR2,,
522,1,26,PROVIDERNAME,VARCHAR2,,55,41196,618,672,Nimesh Pudasaini,,,,VARCHAR2,,
522,1,27,PROVIDERZIP,VARCHAR2,,10,41197,673,682,Nimesh Pudasaini,,,,VARCHAR2,,
522,1,28,PROVIDERSPECCODE,VARCHAR2,,16,41198,683,698,Nimesh Pudasaini,,,,VARCHAR2,,49
522,1,29,DATEFROM,DATE,YYYY-MM-DD HH24:MI:SS,50,41199,699,748,Nimesh Pudasaini,,,,DATE,,47
522,1,30,DATETHRU,DATE,YYYY-MM-DD HH24:MI:SS,50,41200,749,798,Nimesh Pudasaini,,,,DATE,,
522,1,31,DATEPAID,DATE,YYYY-MM-DD HH24:MI:SS,50,41201,799,848,Nimesh Pudasaini,,,,DATE,,39
522,1,32,DATEVOIDED,DATE,YYYY-MM-DD HH24:MI:SS,50,41202,849,898,Nimesh Pudasaini,,,,DATE,,
522,1,33,LOCATIONCODE,VARCHAR2,,20,41203,899,918,Nimesh Pudasaini,,,,VARCHAR2,,40
522,1,34,ADMISSIONTYPE,VARCHAR2,,20,41204,919,938,Nimesh Pudasaini,,,,VARCHAR2,,
522,1,35,CONTRACTTYPE,VARCHAR2,,20,41205,939,958,Nimesh Pudasaini,,,,VARCHAR2,,
522,1,36,NBRSERVICES,NUMBER,,19,41206,959,977,Nimesh Pudasaini,,,,NUMBER,,
522,1,37,LOS,VARCHAR2,,16,41207,978,993,Nimesh Pudasaini,,,,VARCHAR2,,
522,1,38,UNITS,NUMBER,,19,41208,994,1012,Nimesh Pudasaini,,,,NUMBER,,
522,1,39,DRG,VARCHAR2,,15,41209,1013,1027,Nimesh Pudasaini,,,,VARCHAR2,,32
522,1,40,DIAGNOSIS1,VARCHAR2,,20,41210,1028,1047,Nimesh Pudasaini,,,,VARCHAR2,,30
522,1,41,DIAGNOSIS2,VARCHAR2,,20,41211,1048,1067,Nimesh Pudasaini,,,,VARCHAR2,,
522,1,42,DIAGNOSIS3,VARCHAR2,,20,41212,1068,1087,Nimesh Pudasaini,,,,VARCHAR2,,
522,1,43,DIAGNOSIS4,VARCHAR2,,20,41213,1088,1107,Nimesh Pudasaini,,,,VARCHAR2,,
522,1,44,DIAGNOSIS5,VARCHAR2,,20,41214,1108,1127,Nimesh Pudasaini,,,,VARCHAR2,,
522,1,45,PROCEDURECODE,VARCHAR2,,20,41215,1128,1147,Nimesh Pudasaini,,,,VARCHAR2,,41
522,1,46,PROCEDUREMODIFIER1,VARCHAR2,,20,41216,1148,1167,Nimesh Pudasaini,,,,VARCHAR2,,
522,1,47,PROCEDUREMODIFIER2,VARCHAR2,,20,41217,1168,1187,Nimesh Pudasaini,,,,VARCHAR2,,
522,1,48,APCCODE,VARCHAR2,,20,41218,1188,1207,Nimesh Pudasaini,,,,VARCHAR2,,
522,1,49,REVENUECODE,VARCHAR2,,20,41219,1208,1227,Nimesh Pudasaini,,,,VARCHAR2,,46
522,1,50,AMTBILLED,NUMBER,,19,41220,1228,1246,Nimesh Pudasaini,,,,NUMBER,,21
522,1,51,AMTINELIGIBLE1,NUMBER,,19,41221,1247,1265,Nimesh Pudasaini,,,,NUMBER,,
522,1,52,AMTINELIGIBLE2,NUMBER,,19,41222,1266,1284,Nimesh Pudasaini,,,,NUMBER,,
522,1,53,AMTCOBSAVINGS,NUMBER,,19,41223,1285,1303,Nimesh Pudasaini,,,,NUMBER,,
522,1,54,AMTCOVERED,NUMBER,,19,41224,1304,1322,Nimesh Pudasaini,,,,NUMBER,,20
522,1,55,AMTDISCOUNTNETWORK,NUMBER,,19,41225,1323,1341,Nimesh Pudasaini,,,,NUMBER,,
522,1,56,AMTDISCOUNTNONNETWORK,NUMBER,,19,41226,1342,1360,Nimesh Pudasaini,,,,NUMBER,,
522,1,57,AMTDISCOUNTOTHER,NUMBER,,19,41227,1361,1379,Nimesh Pudasaini,,,,NUMBER,,
522,1,58,AMTRCREDUCTION,NUMBER,,19,41228,1380,1398,Nimesh Pudasaini,,,,NUMBER,,
522,1,59,AMTADJUSTMENT,NUMBER,,19,41229,1399,1417,Nimesh Pudasaini,,,,NUMBER,,
522,1,60,AMTPENALTYNOPRECERT,NUMBER,,19,41230,1418,1436,Nimesh Pudasaini,,,,NUMBER,,
522,1,61,AMTCLAIMANTREDUCTION,NUMBER,,19,41231,1437,1455,Nimesh Pudasaini,,,,NUMBER,,
522,1,62,AMTINTEREST,NUMBER,,19,41232,1456,1474,Nimesh Pudasaini,,,,NUMBER,,
522,1,63,AMTPREVCLAIMANTPAYMENT,NUMBER,,19,41233,1475,1493,Nimesh Pudasaini,,,,NUMBER,,
522,1,64,AMTPROVIDERREDUCTION,NUMBER,,19,41234,1494,1512,Nimesh Pudasaini,,,,NUMBER,,
522,1,65,AMTDEDUCTIBLE,NUMBER,,19,41235,1513,1531,Nimesh Pudasaini,,,,NUMBER,,
522,1,66,AMTBENEFITDEDUCT,NUMBER,,19,41236,1532,1550,Nimesh Pudasaini,,,,NUMBER,,
522,1,67,AMTMEDICAREDEDUCT,NUMBER,,19,41237,1551,1569,Nimesh Pudasaini,,,,NUMBER,,
522,1,68,AMTCOINSURANCE,NUMBER,,19,41238,1570,1588,Nimesh Pudasaini,,,,NUMBER,,
522,1,69,AMTOOP,NUMBER,,19,41239,1589,1607,Nimesh Pudasaini,,,,NUMBER,,
522,1,70,AMTCOPAY,NUMBER,,19,41240,1608,1626,Nimesh Pudasaini,,,,NUMBER,,
522,1,71,AMTPAID,NUMBER,,19,41241,1627,1645,Nimesh Pudasaini,,,,NUMBER,,38
522,1,72,AMTOVERMAX,NUMBER,,19,41242,1646,1664,Nimesh Pudasaini,,,,NUMBER,,
522,1,73,INELIGIBLEREMARK1,VARCHAR2,,16,41243,1665,1680,Nimesh Pudasaini,,,,VARCHAR2,,
522,1,74,INELIGIBLEREMARK2,VARCHAR2,,16,41244,1681,1696,Nimesh Pudasaini,,,,VARCHAR2,,
522,1,75,NDC,VARCHAR2,,10,41245,1697,1706,Nimesh Pudasaini,,,,VARCHAR2,,
522,1,76,AHCCLIENT,VARCHAR2,,30,41246,1707,1736,Nimesh Pudasaini,,,,VARCHAR2,,
