LAYOUTID,SUBLAYOUTID,COLUMNID,COLUMNNAME,DATATYPE,DATETYPEDETIAL,FIELDLENGTH,SN,STARTPOS,ENDPOS,UPDATED_BY,FIELDLINENUMBER,FIELDDELIMITER,FIELDPOSITION,CATEGORY,BUSINESSNAME,SEMANTICKEY
1805,1,1,EmpMbrID,VARCHAR2,,11,127966,1,11,,,,,VARCHAR2,,
1805,1,2,PatLastName,VARCHAR2,,15,127967,12,26,,,,,VARCHAR2,,
1805,1,3,PatFastName,VARCHAR2,,10,127968,27,36,,,,,VARCHAR2,,
1805,1,4,PatMi,VARCHAR2,,1,127969,37,37,,,,,VARCHAR2,,
1805,1,5,PatRel,VARCHAR2,,2,127970,38,39,,,,,VARCHAR2,,
1805,1,6,PatDOB,DATE,YYYYMMDD,8,127971,40,47,,,,,DATE,,
1805,1,7,PatSex,VARCHAR2,,1,127972,48,48,,,,,VARCHAR2,,
1805,1,8,EmpSSN,VARCHAR2,,9,127973,49,57,,,,,VARCHAR2,,
1805,1,9,EmpLastName,VARCHAR2,,15,127974,58,72,,,,,VARCHAR2,,
1805,1,10,EmpFastName,VARCHAR2,,10,127975,73,82,,,,,VARCHAR2,,
1805,1,11,EmpMI,VARCHAR2,,1,127976,83,83,,,,,VARCHAR2,,
1805,1,12,EmpZipCode,VARCHAR2,,9,127977,84,92,,,,,VARCHAR2,,
1805,1,13,Group_Info,VARCHAR2,,9,127978,93,101,,,,,VARCHAR2,,
1805,1,14,GrpNbr,VARCHAR2,,6,127979,93,98,Prabesh Shrestha,,,,VARCHAR2,,
1805,1,15,Class,VARCHAR2,,3,127980,99,101,Prabesh Shrestha,,,,VARCHAR2,,
1805,1,16,Platform,VARCHAR2,,2,127981,102,103,Prabesh Shrestha,,,,VARCHAR2,,
1805,1,17,CovType,VARCHAR2,,3,127982,104,106,Prabesh Shrestha,,,,VARCHAR2,,
1805,1,18,ClaimCode,VARCHAR2,,2,127983,107,108,Prabesh Shrestha,,,,VARCHAR2,,
1805,1,20,RelLineNbr,VARCHAR2,,3,127985,117,119,Prabesh Shrestha,,,,VARCHAR2,,
1805,1,21,ClmSeqNbr,VARCHAR2,,3,127986,120,122,Prabesh Shrestha,,,,VARCHAR2,,
1805,1,22,Payee,VARCHAR2,,1,127987,123,123,Prabesh Shrestha,,,,VARCHAR2,,
1805,1,24,AdjCode,VARCHAR2,,1,127989,126,126,Prabesh Shrestha,,,,VARCHAR2,,
1805,1,25,BillType,VARCHAR2,,3,127990,127,129,Prabesh Shrestha,,,,VARCHAR2,,
1805,1,26,ProcDate,DATE,YYYYMMDD,8,127991,130,137,Prabesh Shrestha,,,,DATE,,
1805,1,27,PaidDate,DATE,YYYYMMDD,8,127992,138,145,Prabesh Shrestha,,,,DATE,,
1805,1,28,RcvDate,DATE,YYYYMMDD,8,127993,146,153,Prabesh Shrestha,,,,DATE,,
1805,1,29,FstDate,DATE,YYYYMMDD,8,127994,154,161,Prabesh Shrestha,,,,DATE,,
1805,1,30,LstDate,DATE,YYYYMMDD,8,127995,162,169,Prabesh Shrestha,,,,DATE,,
1805,1,31,Procedure,VARCHAR2,,5,127996,170,174,Prabesh Shrestha,,,,VARCHAR2,,
1805,1,32,Cpt4ModCd,VARCHAR2,,2,127997,175,176,Prabesh Shrestha,,,,VARCHAR2,,
1805,1,33,RevenueCd,VARCHAR2,,4,127998,177,180,Prabesh Shrestha,,,,VARCHAR2,,
1805,1,34,PrimaryDiag,VARCHAR2,,7,127999,181,187,Prabesh Shrestha,,,,VARCHAR2,,
1805,1,35,Diag2,VARCHAR2,,7,128000,188,194,Prabesh Shrestha,,,,VARCHAR2,,
1805,1,36,Diag3,VARCHAR2,,7,128001,195,201,Prabesh Shrestha,,,,VARCHAR2,,
1805,1,37,PrimaryIcd9Proc,VARCHAR2,,7,128002,202,208,Prabesh Shrestha,,,,VARCHAR2,,
1805,1,38,NbrOfSvc,VARCHAR2,,5,128003,209,213,Prabesh Shrestha,,,,VARCHAR2,,
1805,1,39,Pot,VARCHAR2,,2,128004,214,215,Prabesh Shrestha,,,,VARCHAR2,,
1805,1,40,PaidAmt,NUMBER,,11,128005,216,226,Prabesh Shrestha,,,,NUMBER,,
1805,1,41,MbrRespAmt,NUMBER,,9,128006,227,235,Prabesh Shrestha,,,,NUMBER,,
1805,1,42,CoinsAmt,NUMBER,,9,128007,236,244,Prabesh Shrestha,,,,NUMBER,,
1805,1,43,CopayAmt,NUMBER,,9,128008,245,253,Prabesh Shrestha,,,,NUMBER,,
1805,1,44,DeductAmt,NUMBER,,9,128009,254,262,Prabesh Shrestha,,,,NUMBER,,
1805,1,45,CobAmt,NUMBER,,9,128010,263,271,Prabesh Shrestha,,,,NUMBER,,
1805,1,46,ProvName,VARCHAR2,,28,128011,272,299,Prabesh Shrestha,,,,VARCHAR2,,
1805,1,47,ProvNbr,VARCHAR2,,12,128012,300,311,Prabesh Shrestha,,,,VARCHAR2,,
1805,1,48,ProvSpecialty,VARCHAR2,,4,128013,312,315,Prabesh Shrestha,,,,VARCHAR2,,
1805,1,49,IpaCode,VARCHAR2,,8,128014,316,323,Prabesh Shrestha,,,,VARCHAR2,,
1805,1,50,MedicareInd,VARCHAR2,,1,128015,324,324,Prabesh Shrestha,,,,VARCHAR2,,
1805,1,51,HospDischgSt,VARCHAR2,,2,128016,325,326,Prabesh Shrestha,,,,VARCHAR2,,
1805,1,52,HospDischgDate,DATE,YYYYMMDD,8,128017,327,334,Prabesh Shrestha,,,,DATE,,
1805,1,53,ParCode,VARCHAR2,,1,128018,335,335,Prabesh Shrestha,,,,VARCHAR2,,
1805,1,54,RejRsnCode,VARCHAR2,,4,128019,336,339,Prabesh Shrestha,,,,VARCHAR2,,
1805,1,55,ProvType,VARCHAR2,,4,128020,340,343,Prabesh Shrestha,,,,VARCHAR2,,
1805,1,56,CustArea,VARCHAR2,,71,128021,344,414,Prabesh Shrestha,,,,VARCHAR2,,
1805,1,57,ClaimNbr,VARCHAR2,,15,128022,415,429,Prabesh Shrestha,,,,VARCHAR2,,
1805,1,58,UmID,VARCHAR2,,20,128023,430,449,Prabesh Shrestha,,,,VARCHAR2,,
1805,1,59,ICDVERSCD,varchar2,,2,128024,450,451,Prabesh Shrestha,,,,VARCHAR2,,
1805,2,1,CTL_CODE,VARCHAR2,,2,128247,1,2,,,,,VARCHAR2,,
1805,2,2,CTL_CREATE_DT,VARCHAR2,,8,128248,3,10,,,,,VARCHAR2,,
1805,2,3,CTL_LIT1,VARCHAR2,,14,128249,11,24,,,,,VARCHAR2,,
1805,2,4,CTL_REC_TOT,NUMBER,,9,128250,25,33,,,,,NUMBER,,
1805,2,5,CTL_LIT2,VARCHAR2,,10,128251,34,43,,,,,VARCHAR2,,
1805,2,6,CTL_PAID_TOTAL,NUMBER,,13,128252,44,56,,,,,NUMBER,,
