LAYOUTID,SUBLAYOUTID,COLUMNID,COLUMNNAME,DATATYPE,DATETYPEDETIAL,FIELDLENGTH,SN,STARTPOS,ENDPOS,UPDATED_BY,FIELDLINENUMBER,FIELDDELIMITER,FIELDPOSITION,CATEGORY,BUSINESSNAME,SEMANTICKEY
871,1,1,SOURCE,VARCHAR2,NA,25,65049,1,25,,,,,VARCHAR2,,
871,1,2,DATAPARTER,VARCHAR2,NA,55,65050,26,80,,,,,VARCHAR2,,
871,1,3,CLMNUM,VARCHAR2,NA,55,65051,81,135,,,,,VARCHAR2,,
871,1,4,CLAIMLINENUMBER,VARCHAR2,NA,25,65052,136,160,,,,,VARCHAR2,,
871,1,5,CLMTYPE,VARCHAR2,NA,25,65053,161,185,,,,,VARCHAR2,,
871,1,6,CLMTYPEDESC,VARCHAR2,NA,55,65054,186,240,,,,,VARCHAR2,,
871,1,7,CLMCATEGORY,VARCHAR2,NA,25,65055,241,265,,,,,VARCHAR2,,
871,1,8,MEMID,VARCHAR2,NA,55,65056,266,320,,,,,VARCHAR2,,
871,1,9,ENRID,VARCHAR2,NA,25,65057,321,345,,,,,VARCHAR2,,
871,1,10,RELFLAG,VARCHAR2,NA,6,65058,346,351,,,,,VARCHAR2,,
871,1,11,MEMFIRSTNAME,VARCHAR2,NA,55,65059,352,406,,,,,VARCHAR2,,
871,1,12,MEMLASTNAME,VARCHAR2,NA,55,65060,407,461,,,,,VARCHAR2,,
871,1,13,GENDER,VARCHAR2,NA,6,65061,462,467,,,,,VARCHAR2,,
871,1,14,DOB,DATE,YYYYMMDD,8,65062,468,474,,,,,DATE,,
871,1,15,ADDR1,VARCHAR2,NA,55,65063,475,529,,,,,VARCHAR2,,
871,1,16,ADDR2,VARCHAR2,NA,55,65064,530,584,,,,,VARCHAR2,,
871,1,17,CITY,VARCHAR2,NA,55,65065,585,639,,,,,VARCHAR2,,
871,1,18,STATE,VARCHAR2,NA,25,65066,640,664,,,,,VARCHAR2,,
871,1,19,ZIP,VARCHAR2,NA,20,65067,665,684,,,,,VARCHAR2,,
871,1,20,HOMEPHONE,VARCHAR2,NA,25,65068,685,709,,,,,VARCHAR2,,
871,1,21,WORKPHONE,VARCHAR2,NA,25,65069,710,734,,,,,VARCHAR2,,
871,1,22,LVLID1,VARCHAR2,NA,25,65070,735,759,,,,,VARCHAR2,,
871,1,23,LVLDESC1,VARCHAR2,NA,55,65071,760,814,,,,,VARCHAR2,,
871,1,24,LVLID2,VARCHAR2,NA,25,65072,815,839,,,,,VARCHAR2,,
871,1,25,LVLDESC2,VARCHAR2,NA,55,65073,840,894,,,,,VARCHAR2,,
871,1,26,LVLID3,VARCHAR2,NA,25,65074,895,919,,,,,VARCHAR2,,
871,1,27,LVLDESC3,VARCHAR2,NA,55,65075,920,974,,,,,VARCHAR2,,
871,1,28,LVLID4,VARCHAR2,NA,25,65076,975,999,,,,,VARCHAR2,,
871,1,29,LVLDESC4,VARCHAR2,NA,55,65077,1000,1054,,,,,VARCHAR2,,
871,1,30,LVLID5,VARCHAR2,NA,25,65078,1055,1079,,,,,VARCHAR2,,
871,1,31,LVLDESC5,VARCHAR2,NA,55,65079,1080,1134,,,,,VARCHAR2,,
871,1,32,LVLID6,VARCHAR2,NA,25,65080,1135,1159,,,,,VARCHAR2,,
871,1,33,LVLDESC6,VARCHAR2,NA,55,65081,1160,1214,,,,,VARCHAR2,,
871,1,34,LVLID7,VARCHAR2,NA,25,65082,1215,1239,,,,,VARCHAR2,,
871,1,35,LVLDESC7,VARCHAR2,NA,55,65083,1240,1294,,,,,VARCHAR2,,
871,1,36,LVLID8,VARCHAR2,NA,25,65084,1295,1319,,,,,VARCHAR2,,
871,1,37,LVLDESC8,VARCHAR2,NA,55,65085,1320,1374,,,,,VARCHAR2,,
871,1,38,LVLID9,VARCHAR2,NA,25,65086,1375,1399,,,,,VARCHAR2,,
871,1,39,LVLDESC9,VARCHAR2,NA,55,65087,1400,1454,,,,,VARCHAR2,,
871,1,40,LVLID10,VARCHAR2,NA,25,65088,1455,1479,,,,,VARCHAR2,,
871,1,41,LVLDESC10,VARCHAR2,NA,55,65089,1480,1534,,,,,VARCHAR2,,
871,1,42,FROMDATE,DATE,YYYYMMDD,8,65090,1535,1541,,,,,DATE,,
871,1,43,TODATE,DATE,YYYYMMDD,8,65091,1542,1548,,,,,DATE,,
871,1,44,SERVICEDATE,DATE,YYYYMMDD,8,65092,1549,1555,,,,,DATE,,
871,1,45,RCVDATE,DATE,YYYYMMDD,8,65093,1556,1562,,,,,DATE,,
871,1,46,PAIDDATE,DATE,YYYYMMDD,8,65094,1563,1569,,,,,DATE,,
871,1,47,BILLTYPE,VARCHAR2,NA,25,65095,1570,1594,,,,,VARCHAR2,,
871,1,48,POSCODE,VARCHAR2,NA,25,65096,1595,1619,,,,,VARCHAR2,,
871,1,49,POSDESC,VARCHAR2,NA,105,65097,1620,1724,,,,,VARCHAR2,,
871,1,50,SPECCODE,VARCHAR2,NA,25,65098,1725,1749,,,,,VARCHAR2,,
871,1,51,SPECDESC,VARCHAR2,NA,75,65099,1750,1824,,,,,VARCHAR2,,
871,1,52,DIAGCODE,VARCHAR2,NA,25,65100,1825,1849,,,,,VARCHAR2,,
871,1,53,DIAGDESC,VARCHAR2,NA,125,65101,1850,1974,,,,,VARCHAR2,,
871,1,54,FIRSTDIAGCODE,VARCHAR2,NA,25,65102,1975,1999,,,,,VARCHAR2,,
871,1,55,FIRSTDIAGDESC,VARCHAR2,NA,125,65103,2000,2124,,,,,VARCHAR2,,
871,1,56,SECONDDIAGCODE,VARCHAR2,NA,25,65104,2125,2149,,,,,VARCHAR2,,
871,1,57,SECONDDIAGDESC,VARCHAR2,NA,125,65105,2150,2274,,,,,VARCHAR2,,
871,1,58,THIRDDIAGCODE,VARCHAR2,NA,25,65106,2275,2299,,,,,VARCHAR2,,
871,1,59,THIRDDIAGDESC,VARCHAR2,NA,125,65107,2300,2424,,,,,VARCHAR2,,
871,1,60,FOURTHDIAGCODE,VARCHAR2,NA,25,65108,2425,2449,,,,,VARCHAR2,,
871,1,61,FOURTHDIAGDESC,VARCHAR2,NA,125,65109,2450,2574,,,,,VARCHAR2,,
871,1,62,FIFTHDIAGCODE,VARCHAR2,NA,25,65110,2575,2599,,,,,VARCHAR2,,
871,1,63,FIFTHDIAGDESC,VARCHAR2,NA,125,65111,2600,2724,,,,,VARCHAR2,,
871,1,64,SIXTHDIAGCODE,VARCHAR2,NA,25,65112,2725,2749,,,,,VARCHAR2,,
871,1,65,SIXTHDIAGDESC,VARCHAR2,NA,125,65113,2750,2874,,,,,VARCHAR2,,
871,1,66,SEVENTHDIAGCODE,VARCHAR2,NA,25,65114,2875,2899,,,,,VARCHAR2,,
871,1,67,SEVENTHDIAGDESC,VARCHAR2,NA,125,65115,2900,3024,,,,,VARCHAR2,,
871,1,68,EIGHTHDIAGCODE,VARCHAR2,NA,25,65116,3025,3049,,,,,VARCHAR2,,
871,1,69,EIGHTHDIAGDESC,VARCHAR2,NA,125,65117,3050,3174,,,,,VARCHAR2,,
871,1,70,NINTHDIAGCODE,VARCHAR2,NA,25,65118,3175,3199,,,,,VARCHAR2,,
871,1,71,NINTHDIAGDESC,VARCHAR2,NA,125,65119,3200,3324,,,,,VARCHAR2,,
871,1,72,TENTHDIAGCODE,VARCHAR2,NA,25,65120,3325,3349,,,,,VARCHAR2,,
871,1,73,TENTHDIAGDESC,VARCHAR2,NA,125,65121,3350,3474,,,,,VARCHAR2,,
871,1,74,PROCTYPE,VARCHAR2,NA,25,65122,3475,3499,,,,,VARCHAR2,,
871,1,75,PROCCODE,VARCHAR2,NA,25,65123,3500,3524,,,,,VARCHAR2,,
871,1,76,PROCDESC,VARCHAR2,NA,125,65124,3525,3649,,,,,VARCHAR2,,
871,1,77,REVCODE,VARCHAR2,NA,25,65125,3650,3674,,,,,VARCHAR2,,
871,1,78,DRGCODE,VARCHAR2,NA,25,65126,3675,3699,,,,,VARCHAR2,,
871,1,79,MODIFIERCODE,VARCHAR2,NA,25,65127,3700,3724,,,,,VARCHAR2,,
871,1,80,MODIFIERDESC,VARCHAR2,NA,105,65128,3725,3829,,,,,VARCHAR2,,
871,1,81,CPT4_1,VARCHAR2,NA,25,65129,3830,3854,,,,,VARCHAR2,,
871,1,82,CPT4_2,VARCHAR2,NA,25,65130,3855,3879,,,,,VARCHAR2,,
871,1,83,CPT4_3,VARCHAR2,NA,25,65131,3880,3904,,,,,VARCHAR2,,
871,1,84,HCPCS,VARCHAR2,NA,25,65132,3905,3929,,,,,VARCHAR2,,
871,1,85,CPTII,VARCHAR2,NA,25,65133,3930,3954,,,,,VARCHAR2,,
871,1,86,MODIFIERCODE2,VARCHAR2,NA,25,65134,3955,3979,,,,,VARCHAR2,,
871,1,87,REVCODE1,VARCHAR2,NA,25,65135,3980,4004,,,,,VARCHAR2,,
871,1,88,REVCODE2,VARCHAR2,NA,25,65136,4005,4029,,,,,VARCHAR2,,
871,1,89,REVCODE4,VARCHAR2,NA,25,65137,4030,4054,,,,,VARCHAR2,,
871,1,90,REVCODE3,VARCHAR2,NA,25,65138,4055,4079,,,,,VARCHAR2,,
871,1,91,REVCODE5,VARCHAR2,NA,25,65139,4080,4104,,,,,VARCHAR2,,
871,1,92,ICD9PROCCODE1,VARCHAR2,NA,25,65140,4105,4129,,,,,VARCHAR2,,
871,1,93,ICD9PROCCODE2,VARCHAR2,NA,25,65141,4130,4154,,,,,VARCHAR2,,
871,1,94,ICD9PROCCODE3,VARCHAR2,NA,25,65142,4155,4179,,,,,VARCHAR2,,
871,1,95,ICD9PROCCODE4,VARCHAR2,NA,25,65143,4180,4204,,,,,VARCHAR2,,
871,1,96,ICD9PROCCODE5,VARCHAR2,NA,25,65144,4205,4229,,,,,VARCHAR2,,
871,1,97,ICD9PROCCODE6,VARCHAR2,NA,25,65145,4230,4254,,,,,VARCHAR2,,
871,1,98,DRGTYPE,VARCHAR2,NA,25,65146,4255,4279,,,,,VARCHAR2,,
871,1,99,DRGIDENTIFIER,VARCHAR2,NA,6,65147,4280,4285,,,,,VARCHAR2,,
871,1,100,IPDAYS,NUMBER,NA,19,65148,4286,4304,,,,,NUMBER,,
871,1,101,DISCHSTATUS,VARCHAR2,NA,25,65149,4305,4329,,,,,VARCHAR2,,
871,1,102,BILLCODE,VARCHAR2,NA,25,65150,4330,4354,,,,,VARCHAR2,,
871,1,103,CLAIMSTATUS,VARCHAR2,NA,7,65151,4355,4361,,,,,VARCHAR2,,
871,1,104,ADJCODE,VARCHAR2,NA,25,65152,4362,4386,,,,,VARCHAR2,,
871,1,105,PROVID,VARCHAR2,NA,25,65153,4387,4411,,,,,VARCHAR2,,
871,1,106,PROVNAME,VARCHAR2,NA,75,65154,4412,4486,,,,,VARCHAR2,,
871,1,107,PROVIDERFIRSTNAME,VARCHAR2,NA,75,65155,4487,4561,,,,,VARCHAR2,,
871,1,108,PROVIDERLASTNAME,VARCHAR2,NA,75,65156,4562,4636,,,,,VARCHAR2,,
871,1,109,PROVNPI,VARCHAR2,NA,25,65157,4637,4661,,,,,VARCHAR2,,
871,1,110,PROVZIPCODE,VARCHAR2,NA,20,65158,4662,4681,,,,,VARCHAR2,,
871,1,111,SERVTYPECODE,VARCHAR2,NA,25,65159,4682,4706,,,,,VARCHAR2,,
871,1,112,SERVTYPEDESC,VARCHAR2,NA,75,65160,4707,4781,,,,,VARCHAR2,,
871,1,113,PROVTYPECODE,VARCHAR2,NA,25,65161,4782,4806,,,,,VARCHAR2,,
871,1,114,PROVTYPEDESC,VARCHAR2,NA,75,65162,4807,4881,,,,,VARCHAR2,,
871,1,115,SERVICECODE,VARCHAR2,NA,25,65163,4882,4906,,,,,VARCHAR2,,
871,1,116,SPECROLLUPCODE,VARCHAR2,NA,25,65164,4907,4931,,,,,VARCHAR2,,
871,1,117,SPECROLLUPDESC,VARCHAR2,NA,75,65165,4932,5006,,,,,VARCHAR2,,
871,1,118,NWKID,VARCHAR2,NA,25,65166,5007,5031,,,,,VARCHAR2,,
871,1,119,NWKNAME,VARCHAR2,NA,75,65167,5032,5106,,,,,VARCHAR2,,
871,1,120,INNWK,VARCHAR2,NA,6,65168,5107,5112,,,,,VARCHAR2,,
871,1,121,NETWORKTYPE,VARCHAR2,NA,25,65169,5113,5137,,,,,VARCHAR2,,
871,1,122,SERVICEUNITS,NUMBER,NA,19,65170,5138,5156,,,,,NUMBER,,
871,1,123,PAIDAMT,NUMBER,NA,19,65171,5157,5175,,,,,NUMBER,,
871,1,124,BILLEDAMT,NUMBER,NA,19,65172,5176,5194,,,,,NUMBER,,
871,1,125,ALLOWEDAMT,NUMBER,NA,19,65173,5195,5213,,,,,NUMBER,,
871,1,126,PPOSAVINGAMT,NUMBER,NA,19,65174,5214,5232,,,,,NUMBER,,
871,1,127,ENRPAIDAMT,NUMBER,NA,19,65175,5233,5251,,,,,NUMBER,,
871,1,128,COINSAMT,NUMBER,NA,19,65176,5252,5270,,,,,NUMBER,,
871,1,129,COPAYAMT,NUMBER,NA,19,65177,5271,5289,,,,,NUMBER,,
871,1,130,DEDUCTAMT,NUMBER,NA,19,65178,5290,5308,,,,,NUMBER,,
871,1,131,NOTALLOWEDAMT,NUMBER,NA,19,65179,5309,5327,,,,,NUMBER,,
871,1,132,COBAMT,NUMBER,NA,19,65180,5328,5346,,,,,NUMBER,,
871,1,133,PLANEXCLAMT,NUMBER,NA,19,65181,5347,5365,,,,,NUMBER,,
871,1,134,LABTESTDATA,NUMBER,NA,19,65182,5366,5384,,,,,NUMBER,,
871,1,135,SICCODE,VARCHAR2,NA,25,65183,5385,5409,,,,,VARCHAR2,,
871,1,136,SICDESC,VARCHAR2,NA,55,65184,5410,5464,,,,,VARCHAR2,,
871,1,137,SSN,VARCHAR2,NA,25,65185,5465,5489,,,,,VARCHAR2,,
871,1,138,BATCHID,VARCHAR2,NA,20,65186,5490,5509,,,,,VARCHAR2,,
