LAYOUTID,SUBLAYOUTID,COLUMNID,COLUMNNAME,DATATYPE,DATETYPEDETIAL,FIELDLENGTH,SN,STARTPOS,ENDPOS,UPDATED_BY,FIELDLINENUMBER,FIELDDELIMITER,FIELDPOSITION,CATEGORY,BUSINESSNAME,SEMANTICKEY
1615,1,27,ProviderState,VARCHAR2,,2,115385,483,484,,,,,VARCHAR2,,
1615,1,28,ProviderZip,VARCHAR2,,10,115386,485,494,,,,,VARCHAR2,,
1615,1,29,ProviderTIN,VARCHAR2,,11,115387,495,505,,,,,VARCHAR2,,
1615,1,30,ProviderTINSuffix,VARCHAR2,,3,115388,506,508,,,,,VARCHAR2,,
1615,1,31,TotalCOB,NUMBER,,12,115389,509,520,,,,,NUMBER,,
1615,1,32,DRG,VARCHAR2,,3,115390,521,523,,,,,VARCHAR2,,
1615,1,33,AdmitDX,VARCHAR2,,7,115391,524,530,,,,,VARCHAR2,,
1615,1,34,DischargeStatus,VARCHAR2,,2,115392,531,532,,,,,VARCHAR2,,
1615,1,35,TotalCharge,NUMBER,,12,115393,533,544,,,,,NUMBER,,
1615,1,36,TotalIneligible,NUMBER,,12,115394,545,556,,,,,NUMBER,,
1615,1,37,TotalEligible,NUMBER,,12,115395,557,568,,,,,NUMBER,,
1615,1,38,TotalPaidByOtherIns,NUMBER,,12,115396,569,580,,,,,NUMBER,,
1615,1,39,TotalDiscount,NUMBER,,12,115397,581,592,,,,,NUMBER,,
1615,1,40,TotalDeductible,NUMBER,,12,115398,593,604,,,,,NUMBER,,
1615,1,41,TotalCoPay,NUMBER,,12,115399,605,616,,,,,NUMBER,,
1615,1,42,AllowableCharge,NUMBER,,12,115400,617,628,,,,,NUMBER,,
1615,1,43,TotalMemResponsibility,NUMBER,,12,115401,629,640,,,,,NUMBER,,
1615,1,44,TotalCheck1,NUMBER,,12,115402,641,652,,,,,NUMBER,,
1615,1,45,PayorPDDT,DATE,YYYYMMDD,8,115403,653,660,,,,,DATE,,
1615,1,46,LastChange,DATE,YYYYMMDD,8,115404,661,668,,,,,DATE,,
1615,1,47,OON_Flag,VARCHAR2,,1,115405,669,669,,,,,VARCHAR2,,
1615,1,48,Unused1,VARCHAR2,,12,115406,670,681,,,,,VARCHAR2,,
1615,1,49,Unused2,VARCHAR2,,30,115407,682,711,,,,,VARCHAR2,,
1615,1,50,TotalCoInsurance,NUMBER,,12,115408,712,723,,,,,NUMBER,,
1615,1,51,TotalBenefitDeductible,NUMBER,,12,115409,724,735,,,,,NUMBER,,
1615,1,52,TotalPaid,NUMBER,,12,115410,736,747,,,,,NUMBER,,
1615,1,53,ClaimType,VARCHAR2,,2,115411,748,749,,,,,VARCHAR2,,
1615,1,54,ClaimReceivedDate,DATE,YYYYMMDD,8,115412,750,757,,,,,DATE,,
1615,1,55,Unused3,VARCHAR2,,1,115413,758,758,,,,,VARCHAR2,,
1615,1,56,Unused4,VARCHAR2,,30,115414,759,788,,,,,VARCHAR2,,
1615,1,57,ProviderIntSystemID,VARCHAR2,,14,115415,789,802,,,,,VARCHAR2,,
1615,1,58,BnftPlan,VARCHAR2,,5,115416,803,807,,,,,VARCHAR2,,
1615,1,59,MemberAlternateKey,VARCHAR2,,30,115417,808,837,,,,,VARCHAR2,,
1615,1,60,PatientAlternateKey,VARCHAR2,,30,115418,838,867,,,,,VARCHAR2,,
1615,1,1,VersionNumber,VARCHAR2,,5,115359,1,5,,,,,VARCHAR2,,
1615,1,2,ClaimNumber,VARCHAR2,,26,115360,6,31,,,,,VARCHAR2,,
1615,1,3,SourcePayorName,VARCHAR2,,30,115361,32,61,,,,,VARCHAR2,,
1615,1,4,GroupNumber,VARCHAR2,,12,115362,62,73,,,,,VARCHAR2,,
1615,1,5,GroupName,VARCHAR2,,30,115363,74,103,,,,,VARCHAR2,,
1615,1,6,MemberID,VARCHAR2,,16,115364,104,119,,,,,VARCHAR2,,
1615,1,7,SSN,VARCHAR2,,9,115365,120,128,,,,,VARCHAR2,,
1615,1,8,FullName,VARCHAR2,,34,115366,129,162,,,,,VARCHAR2,,
1615,1,9,Address1,VARCHAR2,,30,115367,163,192,,,,,VARCHAR2,,
1615,1,10,Address2,VARCHAR2,,30,115368,193,222,,,,,VARCHAR2,,
1615,1,11,City,VARCHAR2,,15,115369,223,237,,,,,VARCHAR2,,
1615,1,12,State,VARCHAR2,,2,115370,238,239,,,,,VARCHAR2,,
1615,1,13,Zip,VARCHAR2,,10,115371,240,249,,,,,VARCHAR2,,
1615,1,14,ProcessedDate,DATE,YYYYMMDD,8,115372,250,257,,,,,DATE,,
1615,1,15,PatientID,VARCHAR2,,16,115373,258,273,,,,,VARCHAR2,,
1615,1,16,PTName,VARCHAR2,,34,115374,274,307,,,,,VARCHAR2,,
1615,1,17,PTNumber,VARCHAR2,,15,115375,308,322,,,,,VARCHAR2,,
1615,1,18,PTDOB,DATE,YYYYMMDD,8,115376,323,330,,,,,DATE,,
1615,1,19,PTGender,VARCHAR2,,1,115377,331,331,,,,,VARCHAR2,,
1615,1,20,PCPName,VARCHAR2,,30,115378,332,361,,,,,VARCHAR2,,
1615,1,21,DOSStart,DATE,YYYYMMDD,8,115379,362,369,,,,,DATE,,
1615,1,22,DOSEnd,DATE,YYYYMMDD,8,115380,370,377,,,,,DATE,,
1615,1,23,ProviderName,VARCHAR2,,30,115381,378,407,,,,,VARCHAR2,,
1615,1,24,ProviderAddress1,VARCHAR2,,30,115382,408,437,,,,,VARCHAR2,,
1615,1,25,ProviderAddress2,VARCHAR2,,30,115383,438,467,,,,,VARCHAR2,,
1615,1,26,ProviderCity,VARCHAR2,,15,115384,468,482,,,,,VARCHAR2,,
