LAYOUTID,SUBLAYOUTID,COLUMNID,COLUMNNAME,DATATYPE,DATETYPEDETIAL,FIELDLENGTH,SN,STARTPOS,ENDPOS,UPDATED_BY,FIELDLINENUMBER,FIELDDELIMITER,FIELDPOSITION,CATEGORY,BUSINESSNAME,SEMANTICKEY
549,1,88,PROVIDER_STATE,VARCHAR2,,2,42656,989,990,,,,,VARCHAR2,,
549,1,89,PROVIDER_ZIP,VARCHAR2,,5,42657,991,995,,,,,VARCHAR2,,
549,1,90,PROVIDER_ZIP4,VARCHAR2,,4,42658,996,999,,,,,VARCHAR2,,
549,1,91,PROFESSIONAL_DESIGNATION,VARCHAR2,,6,42659,1000,1005,,,,,VARCHAR2,,
549,1,92,CHECK_DATE,DATE,YYYYMMDD,8,42660,1006,1013,,,,,DATE,,
549,1,93,CLAIM_RECEIVED_DATE,DATE,YYYYMMDD,8,42661,1014,1021,,,,,DATE,,
549,1,94,TAX_ENTITY_ID,VARCHAR2,,9,42662,1022,1030,,,,,VARCHAR2,,
549,1,95,TAXONOMY_CODE,VARCHAR2,,10,42663,1031,1040,,,,,VARCHAR2,,
549,1,96,DENIAL_REASON_CODE,VARCHAR2,,7,42664,1041,1047,,,,,VARCHAR2,,
549,1,97,OPTIONAL_CLAIM_NUMBER,VARCHAR2,,12,42665,1048,1059,,,,,VARCHAR2,,
549,1,98,CLIENT_REPORTING_4,VARCHAR2,,20,42666,1060,1079,,,,,VARCHAR2,,
549,1,99,CLIENT_REPORTING_5,VARCHAR2,,20,42667,1080,1099,,,,,VARCHAR2,,
549,1,3,EYEMED_PLAN_ID,VARCHAR2,,13,42571,3,15,,,,,VARCHAR2,,
549,1,4,BILL_TYPE_INDICATOR,VARCHAR2,,1,42572,16,16,,,,,VARCHAR2,,
549,1,5,CLAIM_NUMBER,VARCHAR2,,12,42573,17,28,,,,,VARCHAR2,,
549,1,6,DATE_OF_SERVICE,DATE,YYYYMMDD,8,42574,29,36,,,,,DATE,,
549,1,7,INVOICE_NUMBER,VARCHAR2,,12,42575,37,48,,,,,VARCHAR2,,
549,1,8,INVOICE_DATE,DATE,YYYYMMDD,8,42576,49,56,,,,,DATE,,
549,1,9,BILL_AMOUNT,NUMBER,,11,42577,57,67,,,,,NUMBER,,
549,1,10,FFS_ADMINISTRATIVE_FEE,NUMBER,,11,42578,68,78,,,,,NUMBER,,
549,1,11,RETAIL_AMOUNT,NUMBER,,11,42579,79,89,,,,,NUMBER,,
549,1,12,MEMBER_OUTOFPOCKET,NUMBER,,11,42580,90,100,,,,,NUMBER,,
549,1,13,THIRD_PARTY_DISCOUNT,NUMBER,,11,42581,101,111,,,,,NUMBER,,
549,1,14,COPAY_AMOUNT,NUMBER,,11,42582,112,122,,,,,NUMBER,,
549,1,15,COVERED_AMOUNT,NUMBER,,11,42583,123,133,,,,,NUMBER,,
549,1,18,NETWORK_INDICATOR,VARCHAR2,,2,42586,156,157,,,,,VARCHAR2,,
549,1,19,PACKAGE_ID,VARCHAR2,,9,42587,158,166,,,,,VARCHAR2,,
549,1,20,SERVICE_CODE,VARCHAR2,,9,42588,167,175,,,,,VARCHAR2,,
549,1,21,SERVICE_DESCRIPTION,VARCHAR2,,25,42589,176,200,,,,,VARCHAR2,,
549,1,22,MODIFIER_CODE_1,VARCHAR2,,2,42590,201,202,,,,,VARCHAR2,,
549,1,23,MODIFIER_CODE_2,VARCHAR2,,2,42591,203,204,,,,,VARCHAR2,,
549,1,24,MODIFIER_CODE_3,VARCHAR2,,2,42592,205,206,,,,,VARCHAR2,,
549,1,25,MODIFIER_CODE_4,VARCHAR2,,2,42593,207,208,,,,,VARCHAR2,,
549,1,26,MODIFIER_CODE_5,VARCHAR2,,5,42594,209,213,,,,,VARCHAR2,,
549,1,27,MODIFIER_CODE_6,VARCHAR2,,5,42595,214,218,,,,,VARCHAR2,,
549,1,28,MODIFIER_CODE_7,VARCHAR2,,5,42596,219,223,,,,,VARCHAR2,,
549,1,29,MODIFIER_CODE_8,VARCHAR2,,5,42597,224,228,,,,,VARCHAR2,,
549,1,30,ICD_CODE_SET,VARCHAR2,,1,42598,229,229,,,,,VARCHAR2,,
549,1,31,DIAGNOSIS_CODE_1,VARCHAR2,,9,42599,230,238,,,,,VARCHAR2,,
549,1,32,DIAGNOSIS_CODE_2,VARCHAR2,,9,42600,239,247,,,,,VARCHAR2,,
549,1,33,DIAGNOSIS_CODE_3,VARCHAR2,,9,42601,248,256,,,,,VARCHAR2,,
549,1,34,DIAGNOSIS_CODE_4,VARCHAR2,,9,42602,257,265,,,,,VARCHAR2,,
549,1,35,DIAGNOSIS_CODE_5,VARCHAR2,,9,42603,266,274,,,,,VARCHAR2,,
549,1,36,DIAGNOSIS_CODE_6,VARCHAR2,,9,42604,275,283,,,,,VARCHAR2,,
549,1,37,DIAGNOSIS_CODE_7,VARCHAR2,,9,42605,284,292,,,,,VARCHAR2,,
549,1,38,DIAGNOSIS_CODE_8,VARCHAR2,,9,42606,293,301,,,,,VARCHAR2,,
549,1,39,PATIENT_ID,VARCHAR2,,15,42607,302,316,,,,,VARCHAR2,,
549,1,40,PATIENT_SOCIAL_SECURITY_NUMBER,VARCHAR2,,9,42608,317,325,,,,,VARCHAR2,,
549,1,41,PATIENT_FIRST_NAME,VARCHAR2,,15,42609,326,340,,,,,VARCHAR2,,
549,1,1,RECORD_TYPE,VARCHAR2,,1,42569,1,1,,,,,VARCHAR2,,
549,1,2,ADJUSTMENT_VOID_FLAG,VARCHAR2,,1,42570,2,2,,,,,VARCHAR2,,
549,1,42,PATIENT_MIDDLE_INITIAL,VARCHAR2,,1,42610,341,341,,,,,VARCHAR2,,
549,1,43,PATIENT_LAST_NAME,VARCHAR2,,20,42611,342,361,,,,,VARCHAR2,,
549,1,44,PATIENT_GENDER,VARCHAR2,,1,42612,362,362,,,,,VARCHAR2,,
549,1,45,PATIENT_FAMILY_RELATIONSHIP,VARCHAR2,,1,42613,363,363,,,,,VARCHAR2,,
549,1,46,PATIENT_DATE_OF_BIRTH,DATE,YYYYMMDD,8,42614,364,371,,,,,DATE,,
549,1,47,PATIENT_ADDRESS,VARCHAR2,,30,42615,372,401,,,,,VARCHAR2,,
549,1,48,PATIENT_ADDRESS_2,VARCHAR2,,30,42616,402,431,,,,,VARCHAR2,,
549,1,49,PATIENT_CITY,VARCHAR2,,20,42617,432,451,,,,,VARCHAR2,,
549,1,50,PATIENT_STATE,VARCHAR2,,2,42618,452,453,,,,,VARCHAR2,,
549,1,51,PATIENT_ZIP,VARCHAR2,,5,42619,454,458,,,,,VARCHAR2,,
549,1,52,PATIENT_ZIP4,VARCHAR2,,4,42620,459,462,,,,,VARCHAR2,,
549,1,53,CLIENT_GROUP_NUMBER,VARCHAR2,,20,42621,463,482,,,,,VARCHAR2,,
549,1,54,COMPANY_CODE,VARCHAR2,,20,42622,483,502,,,,,VARCHAR2,,
549,1,55,DIVISION_CODE,VARCHAR2,,20,42623,503,522,,,,,VARCHAR2,,
549,1,56,LOCATION_CODE,VARCHAR2,,20,42624,523,542,,,,,VARCHAR2,,
549,1,57,PATIENT_CLIENT_REPORTING_1,VARCHAR2,,20,42625,543,562,,,,,VARCHAR2,,
549,1,58,PATIENT_CLIENT_REPORTING_2,VARCHAR2,,20,42626,563,582,,,,,VARCHAR2,,
549,1,59,PATIENT_CLIENT_REPORTING_3,VARCHAR2,,20,42627,583,602,,,,,VARCHAR2,,
549,1,60,BENEFIT_OPTION,VARCHAR2,,4,42628,603,606,,,,,VARCHAR2,,
549,1,61,BENEFIT_LEVEL,VARCHAR2,,3,42629,607,609,,,,,VARCHAR2,,
549,1,62,SUBSCRIBER_ID,VARCHAR2,,15,42630,610,624,,,,,VARCHAR2,,
549,1,63,SUBSCRIBER_SSN,VARCHAR2,,9,42631,625,633,,,,,VARCHAR2,,
549,1,64,SUBSCRIBER_FIRST_NAME,VARCHAR2,,15,42632,634,648,,,,,VARCHAR2,,
549,1,65,SUBSCRIBER_MIDDLE_INITIAL,VARCHAR2,,1,42633,649,649,,,,,VARCHAR2,,
549,1,66,SUBSCRIBER_LAST_NAME,VARCHAR2,,20,42634,650,669,,,,,VARCHAR2,,
549,1,67,SUBSCRIBER_GENDER,VARCHAR2,,1,42635,670,670,,,,,VARCHAR2,,
549,1,68,SUBSCRIBER_DATE_OF_BIRTH,DATE,YYYYMMDD,8,42636,671,678,,,,,DATE,,
549,1,69,SUBSCRIBER_ADDRESS,VARCHAR2,,30,42637,679,708,,,,,VARCHAR2,,
549,1,70,SUBSCRIBER_ADDRESS_2,VARCHAR2,,30,42638,709,738,,,,,VARCHAR2,,
549,1,71,SUBSCRIBER_CITY,VARCHAR2,,20,42639,739,758,,,,,VARCHAR2,,
549,1,72,SUBSCRIBER_STATE,VARCHAR2,,2,42640,759,760,,,,,VARCHAR2,,
549,1,73,SUBSCRIBER_ZIP,VARCHAR2,,5,42641,761,765,,,,,VARCHAR2,,
549,1,74,SUBSCRIBER_ZIP4,VARCHAR2,,4,42642,766,769,,,,,VARCHAR2,,
549,1,75,PROVIDER_ID,VARCHAR2,,6,42643,770,775,,,,,VARCHAR2,,
549,1,76,PROVIDER_NPI,VARCHAR2,,10,42644,776,785,,,,,VARCHAR2,,
549,1,77,LOCATION_NPI,VARCHAR2,,10,42645,786,795,,,,,VARCHAR2,,
549,1,78,TAX_ENTITY_NPI,VARCHAR2,,10,42646,796,805,,,,,VARCHAR2,,
549,1,79,LOCATION_ID,VARCHAR2,,6,42647,806,811,,,,,VARCHAR2,,
549,1,80,LOCATION_ID_NUMBER,VARCHAR2,,2,42648,812,813,,,,,VARCHAR2,,
549,1,81,PROVIDER_FIRST_NAME,VARCHAR2,,15,42649,814,828,,,,,VARCHAR2,,
549,1,82,PROVIDER_LAST_NAME,VARCHAR2,,20,42650,829,848,,,,,VARCHAR2,,
549,1,83,BUSINESS_NAME,VARCHAR2,,30,42651,849,878,,,,,VARCHAR2,,
549,1,84,MALL_NAME,VARCHAR2,,30,42652,879,908,,,,,VARCHAR2,,
549,1,85,PROVIDER_ADDRESS,VARCHAR2,,30,42653,909,938,,,,,VARCHAR2,,
549,1,86,PROVIDER_ADDRESS_2,VARCHAR2,,30,42654,939,968,,,,,VARCHAR2,,
549,1,87,PROVIDER_CITY,VARCHAR2,,20,42655,969,988,,,,,VARCHAR2,,
