LAYOUTID,SUBLAYOUTID,COLUMNID,COLUMNNAME,DATATYPE,DATETYPEDETIAL,FIELDLENGTH,SN,STARTPOS,ENDPOS,UPDATED_BY,FIELDLINENUMBER,FIELDDELIMITER,FIELDPOSITION,CATEGORY,BUSINESSNAME,SEMANTICKEY
2052,1,1,CLAIMNUMBER,VARCHAR2,,200,144123,1,200,Dev Raj BuddhaThoki,,,,VARCHAR2,,25
2052,1,2,CLAIMLINENUMBER,NUMBER,,150,144124,201,350,Dev Raj BuddhaThoki,,,,NUMBER,,
2052,1,3,SUBSCRIBERNUMBER,VARCHAR2,,200,144125,351,550,Dev Raj BuddhaThoki,,,,VARCHAR2,,
2052,1,4,MEMBERNUMBER,VARCHAR2,,200,144126,551,750,Dev Raj BuddhaThoki,,,,VARCHAR2,,
2052,1,5,PLANTYPECODE,VARCHAR2,,200,144127,751,950,Dev Raj BuddhaThoki,,,,VARCHAR2,,
2052,1,6,PLANTYPENAME,VARCHAR2,,200,144128,951,1150,Dev Raj BuddhaThoki,,,,VARCHAR2,,
2052,1,7,COMPANYNUMBER,VARCHAR2,,20,144129,1151,1170,Dev Raj BuddhaThoki,,,,VARCHAR2,,
2052,1,8,GROUPNUMBER,VARCHAR2,,200,144130,1171,1370,Dev Raj BuddhaThoki,,,,VARCHAR2,,
2052,1,9,GROUPNAME,VARCHAR2,,200,144131,1371,1570,Dev Raj BuddhaThoki,,,,VARCHAR2,,
2052,1,10,EMPLOYERBUSINESSUNIT,VARCHAR2,,200,144132,1571,1770,Dev Raj BuddhaThoki,,,,VARCHAR2,,
2052,1,11,EMPLOYERBUSINESUNITDESCRIPTION,VARCHAR2,,200,144133,1771,1970,Dev Raj BuddhaThoki,,,,VARCHAR2,,
2052,1,12,TYPEOFSERVICECODE,VARCHAR2,,200,144134,1971,2170,Dev Raj BuddhaThoki,,,,VARCHAR2,,
2052,1,13,TYPEOFSERVICEDESCRIPTION,VARCHAR2,,200,144135,2171,2370,Dev Raj BuddhaThoki,,,,VARCHAR2,,
2052,1,14,PROVIDERNUMBER,VARCHAR2,,200,144136,2371,2570,Dev Raj BuddhaThoki,,,,VARCHAR2,,
2052,1,15,PROVIDERTYPE,VARCHAR2,,200,144137,2571,2770,Dev Raj BuddhaThoki,,,,VARCHAR2,,
2052,1,16,PROVIDERTYPEDESCRIPTION,VARCHAR2,,200,144138,2771,2970,Dev Raj BuddhaThoki,,,,VARCHAR2,,
2052,1,17,PROVIDERSPECIALTYCODE,VARCHAR2,,200,144139,2971,3170,Dev Raj BuddhaThoki,,,,VARCHAR2,,49
2052,1,18,PROVIDERSPECIALTYDESCRIPTION,VARCHAR2,,200,144140,3171,3370,Dev Raj BuddhaThoki,,,,VARCHAR2,,
2052,1,19,PLACEOFSERVICE,VARCHAR2,,200,144141,3371,3570,Dev Raj BuddhaThoki,,,,VARCHAR2,,40
2052,1,20,PLACEOFSERVICEDESCRIPTION,VARCHAR2,,200,144142,3571,3770,Dev Raj BuddhaThoki,,,,VARCHAR2,,
2052,1,21,SERVICECODE,VARCHAR2,,200,144143,3771,3970,Dev Raj BuddhaThoki,,,,VARCHAR2,,
2052,1,22,SERVICECODEDESCRIPTION,VARCHAR2,,500,144144,3971,4470,Dev Raj BuddhaThoki,,,,VARCHAR2,,
2052,1,24,DIAGNOSISCODE1,VARCHAR2,,200,144146,4671,4870,Dev Raj BuddhaThoki,,,,VARCHAR2,,30
2052,1,25,DIAGNOSISDESCRIPTION,VARCHAR2,,500,144147,4871,5370,Dev Raj BuddhaThoki,,,,VARCHAR2,,
2052,1,26,DATEOFSERVICEBEGIN,TIMESTAMP,YYYY-MM-DD HH24:MI:SS.FF,30,144148,5371,5393,Dev Raj BuddhaThoki,,,,DATE,,47
2052,1,27,UNITCOUNT,NUMBER,,150,144149,5394,5543,Dev Raj BuddhaThoki,,,,NUMBER,,
2052,1,28,PAIDAMOUNT,NUMBER,,150,144150,5544,5693,Dev Raj BuddhaThoki,,,,NUMBER,,38
2052,1,29,ADMISSIONDATE,DATE,YYYY-MM-DD,23,144151,5694,5716,Dev Raj BuddhaThoki,,,,DATE,,34
2052,1,30,DISCHARGEDATE,DATE,MM/DD/YYYY,10,144152,5717,5726,Dev Raj BuddhaThoki,,,,DATE,,50
2052,1,31,CLAIMEDAMOUNT,NUMBER,,150,144153,5727,5876,Dev Raj BuddhaThoki,,,,NUMBER,,21
2052,1,32,ALLOWEDAMOUNT,NUMBER,,150,144154,5877,6026,Dev Raj BuddhaThoki,,,,NUMBER,,20
2052,1,33,COPAYAMOUNT,NUMBER,,150,144155,6027,6176,Dev Raj BuddhaThoki,,,,NUMBER,,28
2052,1,34,DEDUCTIBLEAMOUNT,NUMBER,,150,144156,6177,6326,Dev Raj BuddhaThoki,,,,NUMBER,,29
2052,1,35,SAVINGSAMOUNT,NUMBER,,150,144157,6327,6476,Dev Raj BuddhaThoki,,,,NUMBER,,
2052,1,36,COINSURANCEAMOUNT,NUMBER,,150,144158,6477,6626,Dev Raj BuddhaThoki,,,,NUMBER,,27
2052,1,38,NONCOVEREDAMOUNT,NUMBER,,150,144160,6827,6976,Dev Raj BuddhaThoki,,,,NUMBER,,37
2052,1,39,CLAIMRECEIPTDATE,DATE,MM/DD/YYYY,10,144161,6977,6986,Dev Raj BuddhaThoki,,,,DATE,,45
2052,1,40,PAIDDATE,DATE,MM/DD/YYYY,10,144162,6987,6996,Dev Raj BuddhaThoki,,,,DATE,,39
2052,1,41,FEDERALTAXIDNUMBER,VARCHAR2,,200,144163,6997,7196,Dev Raj BuddhaThoki,,,,VARCHAR2,,
2052,1,42,FEECODE,VARCHAR2,,200,144164,7197,7396,Dev Raj BuddhaThoki,,,,VARCHAR2,,
2052,1,43,FEEDESCRIPTION,VARCHAR2,,200,144165,7397,7596,Dev Raj BuddhaThoki,,,,VARCHAR2,,
2052,1,44,PROVIDERLASTNAME,VARCHAR2,,200,144166,7597,7796,Dev Raj BuddhaThoki,,,,VARCHAR2,,
2052,1,45,PROVIDERFIRSTNAME,VARCHAR2,,200,144167,7797,7996,Dev Raj BuddhaThoki,,,,VARCHAR2,,
2052,1,46,PROCCODE,VARCHAR2,,200,144168,7997,8196,Dev Raj BuddhaThoki,,,,VARCHAR2,,41
2052,1,47,PROCDESC,VARCHAR2,,400,144169,8197,8596,Dev Raj BuddhaThoki,,,,VARCHAR2,,
2052,1,48,COBAMOUNT,NUMBER,,150,144170,8597,8746,Dev Raj BuddhaThoki,,,,NUMBER,,27
2052,1,49,FLAG,VARCHAR2,,2,144171,8747,8749,Dev Raj BuddhaThoki,,,,VARCHAR2,,
