LAYOUTID,SUBLAYOUTID,COLUMNID,COLUMNNAME,DATATYPE,DATETYPEDETIAL,FIELDLENGTH,SN,STARTPOS,ENDPOS,UPDATED_BY,FIELDLINENUMBER,FIELDDELIMITER,FIELDPOSITION,CATEGORY,BUSINESSNAME,SEMANTICKEY
1538,1,25,Provider_Zip_Code,VARCHAR2,,5,216523,181,185,Prabesh Shrestha,,,,VARCHAR2,,
1538,1,27,Servicing_Provider_Type,VARCHAR2,,17,216525,191,207,Prabesh Shrestha,,,,VARCHAR2,,
1538,1,28,InOut_of_Plan_Indicator,VARCHAR2,,1,216526,209,209,Prabesh Shrestha,,,,VARCHAR2,,
1538,1,29,Capitated_Service_Indicator,VARCHAR2,,1,216527,211,211,Prabesh Shrestha,,,,VARCHAR2,,
1538,1,30,Paid_Amount,NUMBER,,15,216528,213,227,Prabesh Shrestha,,,,NUMBER,,
1538,1,31,Copay,NUMBER,,11,216529,229,239,Prabesh Shrestha,,,,NUMBER,,
1538,1,32,Deductible,NUMBER,,11,216530,241,251,Prabesh Shrestha,,,,NUMBER,,
1538,1,33,Coinsurance,NUMBER,,11,216531,253,263,Prabesh Shrestha,,,,NUMBER,,
1538,1,34,Medicare_Indicator,VARCHAR2,,1,216532,265,265,Prabesh Shrestha,,,,VARCHAR2,,
1538,1,35,Account_Number,VARCHAR2,,15,216533,267,281,Prabesh Shrestha,,,,VARCHAR2,,
1538,1,36,Subgroup_Number,VARCHAR2,,15,216534,283,297,Prabesh Shrestha,,,,VARCHAR2,,
1538,1,37,Department_Number,VARCHAR2,,11,216535,299,309,Prabesh Shrestha,,,,VARCHAR2,,
1538,1,38,Package_Number,VARCHAR2,,6,216536,311,316,Prabesh Shrestha,,,,VARCHAR2,,
1538,1,39,Person_ID,VARCHAR2,,42,216537,318,359,Prabesh Shrestha,,,,VARCHAR2,,
1538,1,40,COB,NUMBER,,11,216538,361,371,Prabesh Shrestha,,,,NUMBER,,
1538,1,41,COB_Code,VARCHAR2,,2,216539,373,374,Prabesh Shrestha,,,,VARCHAR2,,
1538,1,42,Employee_Date_of_Birth,DATE,YYYYMMDD,8,216540,376,383,Prabesh Shrestha,,,,DATE,,
1538,1,43,Employee_Sex,VARCHAR2,,1,216541,385,385,Prabesh Shrestha,,,,VARCHAR2,,
1538,1,44,Employee_Coverage_Type,VARCHAR2,,2,216542,387,388,Prabesh Shrestha,,,,VARCHAR2,,
1538,1,45,Employee_Zip_Code,VARCHAR2,,5,216543,390,394,Prabesh Shrestha,,,,VARCHAR2,,
1538,1,46,Billed_Charges,NUMBER,,15,216544,396,410,Prabesh Shrestha,,,,NUMBER,,
1538,1,47,Excluded_Amount,NUMBER,,2,216545,421,422,Prabesh Shrestha,,,,NUMBER,,
1538,1,48,Excluded_Reason_Code,VARCHAR2,,2,216546,424,425,Prabesh Shrestha,,,,VARCHAR2,,
1538,1,49,Undiscounted_Cov_Amount,NUMBER,,15,216547,427,441,Prabesh Shrestha,,,,NUMBER,,
1538,1,50,Discounted_Covered_Amount,NUMBER,,15,216548,443,457,Prabesh Shrestha,,,,NUMBER,,
1538,1,51,Tertiary_Diagnosis,VARCHAR2,,6,216549,459,464,Prabesh Shrestha,,,,VARCHAR2,,
1538,1,52,PCP_Indicator,VARCHAR2,,1,216550,466,466,Prabesh Shrestha,,,,VARCHAR2,,
1538,1,53,PCP_Tax_ID,VARCHAR2,,9,216551,468,476,Prabesh Shrestha,,,,VARCHAR2,,
1538,1,54,PCP_Zip_Code,VARCHAR2,,5,216552,478,482,Prabesh Shrestha,,,,VARCHAR2,,
1538,1,55,Facility_Place_of_Serv_Code,VARCHAR2,,2,216553,484,485,Prabesh Shrestha,,,,VARCHAR2,,
1538,1,56,Secondary_Procedure_Code,VARCHAR2,,8,216554,487,494,Prabesh Shrestha,,,,VARCHAR2,,
1538,1,57,Secondary_Proc_Code_Ind,VARCHAR2,,2,216555,496,497,Prabesh Shrestha,,,,VARCHAR2,,
1538,1,58,Provider_Specialty_Code,VARCHAR2,,10,216556,499,508,Prabesh Shrestha,,,,VARCHAR2,,
1538,1,59,Quantity_of_Services,NUMBER,,9,216557,510,518,Prabesh Shrestha,,,,NUMBER,,
1538,1,24,Provider_Tax_ID,VARCHAR2,,9,216522,171,179,Prabesh Shrestha,,,,VARCHAR2,,
1538,1,1,Employee_SSN,VARCHAR2,,15,216499,1,15,Prabesh Shrestha,,,,VARCHAR2,,
1538,1,2,Member_Number,VARCHAR2,,15,216500,17,31,Prabesh Shrestha,,,,VARCHAR2,,
1538,1,3,Patient_Date_of_Birth,DATE,YYYYMMDD,8,216501,33,40,Prabesh Shrestha,,,,DATE,,
1538,1,4,Patient_Sex,VARCHAR2,,1,216502,42,42,Prabesh Shrestha,,,,VARCHAR2,,
1538,1,5,Relationship_to_Employee,VARCHAR2,,5,216503,44,48,Prabesh Shrestha,,,,VARCHAR2,,
1538,1,6,Product_Code,VARCHAR2,,5,216504,50,54,Prabesh Shrestha,,,,VARCHAR2,,
1538,1,7,Claim_Type,VARCHAR2,,2,216505,56,57,Prabesh Shrestha,,,,VARCHAR2,,
1538,1,8,Claim_Number,VARCHAR2,,15,216506,59,73,Prabesh Shrestha,,,,VARCHAR2,,
1538,1,9,Line_Number,VARCHAR2,,4,216507,75,78,Prabesh Shrestha,,,,VARCHAR2,,
1538,1,10,Adjustment_Number,VARCHAR2,,4,216508,80,83,Prabesh Shrestha,,,,VARCHAR2,,
1538,1,11,Adjustment_Type,VARCHAR2,,5,216509,85,89,Prabesh Shrestha,,,,VARCHAR2,,
1538,1,12,Bill_Type_Code,VARCHAR2,,3,216510,91,93,Prabesh Shrestha,,,,VARCHAR2,,
1538,1,13,Principal_Diagnosis,VARCHAR2,,6,216511,95,100,Prabesh Shrestha,,,,VARCHAR2,,
1538,1,14,Secondary_Diagnosis,VARCHAR2,,6,216512,102,107,Prabesh Shrestha,,,,VARCHAR2,,
1538,1,15,Procedure_Code_Indicator,VARCHAR2,,5,216513,109,113,Prabesh Shrestha,,,,VARCHAR2,,
1538,1,16,Procedure_Code_1,VARCHAR2,,8,216514,115,122,Prabesh Shrestha,,,,VARCHAR2,,
1538,1,17,Procedure_Code_Modifier_1,VARCHAR2,,2,216515,124,125,Prabesh Shrestha,,,,VARCHAR2,,
1538,1,18,Place_of_Service,VARCHAR2,,5,216516,127,131,Prabesh Shrestha,,,,VARCHAR2,,
1538,1,20,Paid_Date,DATE,YYYYMMDD,8,216518,139,146,Prabesh Shrestha,,,,DATE,,
1538,1,21,First_Date_of_Service,DATE,YYYYMMDD,8,216519,148,155,Prabesh Shrestha,,,,DATE,,
1538,1,22,Last_Date_of_Service,DATE,YYYYMMDD,8,216520,157,164,Prabesh Shrestha,,,,DATE,,
1538,1,23,Discharge_Status,VARCHAR2,,4,216521,166,169,Prabesh Shrestha,,,,VARCHAR2,,
