LAYOUTID,SUBLAYOUTID,COLUMNID,COLUMNNAME,DATATYPE,DATETYPEDETIAL,FIELDLENGTH,SN,STARTPOS,ENDPOS,UPDATED_BY,FIELDLINENUMBER,FIELDDELIMITER,FIELDPOSITION,CATEGORY,BUSINESSNAME,SEMANTICKEY
2556,1,1,acct_num,VARCHAR2,,150,185679,1,25,Shiksha Maharjan,,,,VARCHAR2,,
2556,1,2,acct_nm,VARCHAR2,,25,185680,26,50,Shiksha Maharjan,,,,VARCHAR2,,
2556,1,3,admits,NUMBER,,19,185681,51,69,Shiksha Maharjan,,,,NUMBER,,
2556,1,4,prov_id,VARCHAR2,,20,185682,70,89,Shiksha Maharjan,,,,VARCHAR2,,
2556,1,5,alos_dys,NUMBER,,19,185683,90,108,Shiksha Maharjan,,,,NUMBER,,
2556,1,6,alwd_amt,NUMBER,,19,185684,109,127,Shiksha Maharjan,,,,NUMBER,,
2556,1,7,appr_los_dys,NUMBER,,19,185685,128,146,Shiksha Maharjan,,,,NUMBER,,
2556,1,8,ben_cd,VARCHAR2,,20,185686,147,166,Shiksha Maharjan,,,,VARCHAR2,,
2556,1,9,ben_txt,VARCHAR2,,35,185687,167,201,Shiksha Maharjan,,,,VARCHAR2,,
2556,1,10,brnch_num,VARCHAR2,,25,185688,202,226,Shiksha Maharjan,,,,VARCHAR2,,
2556,1,11,brnch_nm,VARCHAR2,,35,185689,227,261,Shiksha Maharjan,,,,VARCHAR2,,
2556,1,12,cap_ind,VARCHAR2,,15,185690,262,276,Shiksha Maharjan,,,,VARCHAR2,,
2556,1,13,cc_cd,VARCHAR2,,7,185691,277,283,Shiksha Maharjan,,,,VARCHAR2,,
2556,1,14,cc_txt,VARCHAR2,,25,185692,284,308,Shiksha Maharjan,,,,VARCHAR2,,
2556,1,15,clm_ln_num,VARCHAR2,,7,185693,309,315,Shiksha Maharjan,,,,VARCHAR2,,
2556,1,16,clm_num,VARCHAR2,,17,185694,316,332,Shiksha Maharjan,,,,VARCHAR2,,
2556,1,17,clm_stat_cd,VARCHAR2,,7,185695,333,339,Shiksha Maharjan,,,,VARCHAR2,,
2556,1,18,clm_stat_txt,VARCHAR2,,55,185696,340,394,Shiksha Maharjan,,,,VARCHAR2,,
2556,1,19,clm_typ_cd,VARCHAR2,,6,185697,395,400,Shiksha Maharjan,,,,VARCHAR2,,
2556,1,20,clm_typ_txt,VARCHAR2,,25,185698,401,425,Shiksha Maharjan,,,,VARCHAR2,,
2556,1,21,cob_amt,NUMBER,,19,185699,426,444,Shiksha Maharjan,,,,NUMBER,,
2556,1,22,cob_ind,VARCHAR2,,15,185700,445,459,Shiksha Maharjan,,,,VARCHAR2,,
2556,1,23,coins_amt,NUMBER,,19,185701,460,478,Shiksha Maharjan,,,,NUMBER,,
2556,1,24,copay_amt,NUMBER,,19,185702,479,497,Shiksha Maharjan,,,,NUMBER,,
2556,1,25,covd_amt,NUMBER,,19,185703,498,516,Shiksha Maharjan,,,,NUMBER,,
2556,1,26,deduct_amt,NUMBER,,19,185704,517,535,Shiksha Maharjan,,,,NUMBER,,
2556,1,27,diag_cd,VARCHAR2,,15,185705,536,550,Shiksha Maharjan,,,,VARCHAR2,,
2556,1,28,diag_txt,VARCHAR2,,25,185706,551,575,Shiksha Maharjan,,,,VARCHAR2,,
2556,1,29,diag2_cd,VARCHAR2,,15,185707,576,590,Shiksha Maharjan,,,,VARCHAR2,,
2556,1,30,diag2_txt,VARCHAR2,,25,185708,591,615,Shiksha Maharjan,,,,VARCHAR2,,
2556,1,31,diag3_cd,VARCHAR2,,15,185709,616,630,Shiksha Maharjan,,,,VARCHAR2,,
2556,1,32,diag3_txt,VARCHAR2,,25,185710,631,655,Shiksha Maharjan,,,,VARCHAR2,,
2556,1,33,drg_cd,VARCHAR2,,15,185711,656,670,Shiksha Maharjan,,,,VARCHAR2,,
2556,1,34,drg_txt,VARCHAR2,,25,185712,671,695,Shiksha Maharjan,,,,VARCHAR2,,
2556,1,35,dschrg_cd,VARCHAR2,,15,185713,696,710,Shiksha Maharjan,,,,VARCHAR2,,
2556,1,36,dschrg_txt,VARCHAR2,,25,185714,711,735,Shiksha Maharjan,,,,VARCHAR2,,
2556,1,37,dys_pd,NUMBER,,19,185715,736,754,Shiksha Maharjan,,,,NUMBER,,
2556,1,38,episode_id,VARCHAR2,,15,185716,755,769,Shiksha Maharjan,,,,VARCHAR2,,
2556,1,39,fund_arr_cd,VARCHAR2,,15,185717,770,784,Shiksha Maharjan,,,,VARCHAR2,,
2556,1,40,fund_arr_txt,VARCHAR2,,15,185718,785,799,Shiksha Maharjan,,,,VARCHAR2,,
2556,1,41,lob_cd,VARCHAR2,,7,185719,800,806,Shiksha Maharjan,,,,VARCHAR2,,
2556,1,42,lob_txt,VARCHAR2,,25,185720,807,831,Shiksha Maharjan,,,,VARCHAR2,,
2556,1,43,mbr_bth_dt,DATE,YYYYMMDD,10,185721,832,841,Shiksha Maharjan,,,,DATE,,
2556,1,44,mbr_id,VARCHAR2,,25,185722,842,866,Shiksha Maharjan,,,,VARCHAR2,,
2556,1,45,mdc_cd,VARCHAR2,,15,185723,867,881,Shiksha Maharjan,,,,VARCHAR2,,
2556,1,46,mdc_txt,VARCHAR2,,25,185724,882,906,Shiksha Maharjan,,,,VARCHAR2,,
2556,1,47,non_covd_amt,NUMBER,,19,185725,907,925,Shiksha Maharjan,,,,NUMBER,,
2556,1,48,nt_ind,VARCHAR2,,10,185726,926,935,Shiksha Maharjan,,,,VARCHAR2,,
2556,1,49,pcp_spec_txt,VARCHAR2,,25,185727,936,960,Shiksha Maharjan,,,,VARCHAR2,,
2556,1,50,pcp_svc_cd,VARCHAR2,,10,185728,961,970,Shiksha Maharjan,,,,VARCHAR2,,
2556,1,51,pcp_svc_txt,VARCHAR2,,25,185729,971,995,Shiksha Maharjan,,,,VARCHAR2,,
2556,1,52,d,VARCHAR2,,6,185730,996,1001,Shiksha Maharjan,,,,VARCHAR2,,
2556,1,53,e,VARCHAR2,,6,185731,1002,1007,Shiksha Maharjan,,,,VARCHAR2,,
2556,1,54,f,VARCHAR2,,6,185732,1008,1013,Shiksha Maharjan,,,,VARCHAR2,,
2556,1,55,g,VARCHAR2,,6,185733,1014,1019,Shiksha Maharjan,,,,VARCHAR2,,
2556,1,56,pd_amt,NUMBER,,19,185734,1020,1038,Shiksha Maharjan,,,,NUMBER,,
2556,1,57,pd_dt,DATE,YYYYMMDD,10,185735,1039,1048,Shiksha Maharjan,,,,DATE,,
2556,1,58,pos_cd,VARCHAR2,,7,185736,1049,1055,Shiksha Maharjan,,,,VARCHAR2,,
2556,1,59,pos_txt,VARCHAR2,,25,185737,1056,1080,Shiksha Maharjan,,,,VARCHAR2,,
2556,1,60,proc_cd,VARCHAR2,,15,185738,1081,1095,Shiksha Maharjan,,,,VARCHAR2,,
2556,1,61,proc_diag_cd,VARCHAR2,,15,185739,1096,1110,Shiksha Maharjan,,,,VARCHAR2,,
2556,1,62,proc_diag_txt,VARCHAR2,,25,185740,1111,1135,Shiksha Maharjan,,,,VARCHAR2,,
2556,1,63,proc_modf_cd,VARCHAR2,,15,185741,1136,1150,Shiksha Maharjan,,,,VARCHAR2,,
2556,1,64,proc_modf_txt,VARCHAR2,,25,185742,1151,1175,Shiksha Maharjan,,,,VARCHAR2,,
2556,1,65,proc_txt,VARCHAR2,,25,185743,1176,1200,Shiksha Maharjan,,,,VARCHAR2,,
2556,1,66,proc_typ_txt,VARCHAR2,,25,185744,1201,1225,Shiksha Maharjan,,,,VARCHAR2,,
2556,1,67,proc_typ_cd,VARCHAR2,,7,185745,1226,1232,Shiksha Maharjan,,,,VARCHAR2,,
2556,1,68,prod_cd,VARCHAR2,,15,185746,1233,1247,Shiksha Maharjan,,,,VARCHAR2,,
2556,1,69,disc_amt,NUMBER,,19,185747,1248,1266,Shiksha Maharjan,,,,NUMBER,,
2556,1,70,old_prov_id,VARCHAR2,,25,185748,1267,1291,Shiksha Maharjan,,,,VARCHAR2,,
2556,1,71,prov_spec_cd,VARCHAR2,,10,185749,1292,1301,Shiksha Maharjan,,,,VARCHAR2,,
2556,1,72,prov_spec_txt,VARCHAR2,,25,185750,1302,1326,Shiksha Maharjan,,,,VARCHAR2,,
2556,1,73,prov_typ_cd,VARCHAR2,,25,185751,1327,1351,Shiksha Maharjan,,,,VARCHAR2,,
2556,1,74,prov_typ_txt,VARCHAR2,,25,185752,1352,1376,Shiksha Maharjan,,,,VARCHAR2,,
2556,1,75,prov_zip_cd,VARCHAR2,,25,185753,1377,1401,Shiksha Maharjan,,,,VARCHAR2,,
2556,1,76,ref_ind,VARCHAR2,,25,185754,1402,1426,Shiksha Maharjan,,,,VARCHAR2,,
2556,1,77,ref_prod_id,VARCHAR2,,25,185755,1427,1451,Shiksha Maharjan,,,,VARCHAR2,,
2556,1,78,ref_txt,VARCHAR2,,25,185756,1452,1476,Shiksha Maharjan,,,,VARCHAR2,,
2556,1,79,rel_cd,VARCHAR2,,6,185757,1477,1482,Shiksha Maharjan,,,,VARCHAR2,,
2556,1,80,rel_txt,VARCHAR2,,25,185758,1483,1507,Shiksha Maharjan,,,,VARCHAR2,,
2556,1,81,rev_cd,VARCHAR2,,10,185759,1508,1517,Shiksha Maharjan,,,,VARCHAR2,,
2556,1,82,rev_txt,VARCHAR2,,25,185760,1518,1542,Shiksha Maharjan,,,,VARCHAR2,,
2556,1,83,risk_affil_cd,VARCHAR2,,55,185761,1543,1597,Shiksha Maharjan,,,,VARCHAR2,,
2556,1,84,risk_wthld_amt,NUMBER,,19,185762,1598,1616,Shiksha Maharjan,,,,NUMBER,,
2556,1,85,sex_cd,VARCHAR2,,6,185763,1617,1622,Shiksha Maharjan,,,,VARCHAR2,,
2556,1,86,sex_txt,VARCHAR2,,55,185764,1623,1677,Shiksha Maharjan,,,,VARCHAR2,,
2556,1,87,src_sys_cd,VARCHAR2,,55,185765,1678,1732,Shiksha Maharjan,,,,VARCHAR2,,
2556,1,88,src_sys_txt,VARCHAR2,,55,185766,1733,1787,Shiksha Maharjan,,,,VARCHAR2,,
2556,1,89,sub_amt,NUMBER,,19,185767,1788,1806,Shiksha Maharjan,,,,NUMBER,,
2556,1,90,subscriber_id,VARCHAR2,,55,185768,1807,1861,Shiksha Maharjan,,,,VARCHAR2,,
2556,1,91,svc_begin_dt,DATE,YYYYMMDD,10,185769,1862,1871,Shiksha Maharjan,,,,DATE,,
2556,1,92,svc_end_dt,DATE,YYYYMMDD,10,185770,1872,1881,Shiksha Maharjan,,,,DATE,,
2556,1,93,tos_cd,VARCHAR2,,15,185771,1882,1896,Shiksha Maharjan,,,,VARCHAR2,,
2556,1,94,tos_txt,VARCHAR2,,25,185772,1897,1921,Shiksha Maharjan,,,,VARCHAR2,,
2556,1,96,bill_typ_txt,VARCHAR2,,25,185774,1929,1953,Shiksha Maharjan,,,,VARCHAR2,,
2556,1,97,units_billd,VARCHAR2,,15,185775,1954,1968,Shiksha Maharjan,,,,VARCHAR2,,
2556,1,98,visits,NUMBER,,19,185776,1969,1987,Shiksha Maharjan,,,,NUMBER,,
2556,3,1,RECORDTYPE_1,VARCHAR2,,7,293177,1,7,Shiksha Maharjan,,,,VARCHAR2,,
2556,3,3,AMOUNT1,VARCHAR2,,20,293179,11,30,Shiksha Maharjan,,,,VARCHAR2,,
2556,3,4,RECORDTYPE_2,VARCHAR2,,7,293180,31,37,Shiksha Maharjan,,,,VARCHAR2,,
2556,3,6,AMOUNT2,VARCHAR2,,20,293182,41,60,Shiksha Maharjan,,,,VARCHAR2,,
2556,3,7,RECORDTYPE_3,VARCHAR2,,6,293183,61,66,Shiksha Maharjan,,,,VARCHAR2,,
2556,3,9,AMOUNT3,VARCHAR2,,20,293185,71,90,Shiksha Maharjan,,,,VARCHAR2,,
2556,3,10,RECORDTYPE_4,VARCHAR2,,6,293186,91,96,Shiksha Maharjan,,,,VARCHAR2,,
2556,3,12,AMOUNT4,VARCHAR2,,20,293188,101,120,Shiksha Maharjan,,,,VARCHAR2,,
2556,4,1,RECORD_TYPE1,VARCHAR2,,10,293197,1,10,,,,,VARCHAR2,,
2556,4,2,RECCOUNT01,NUMBER,,9,293198,11,19,,,,,NUMBER,,
2556,4,3,AMOUNT01,VARCHAR2,,11,293199,20,30,,,,,VARCHAR2,,
2556,4,4,RECORD_TYPE2,NUMBER,,10,293200,31,40,,,,,NUMBER,,
2556,4,5,RECCOUNT02,VARCHAR2,,10,293201,41,50,,,,,VARCHAR2,,
2556,4,6,AMOUNT02,NUMBER,,10,293202,51,60,,,,,NUMBER,,
2556,1,95,bill_typ_cd,VARCHAR2,,7,185773,1922,1928,Shiksha Maharjan,,,,VARCHAR2,,
2556,1,99,units_tot,NUMBER,,19,185777,1988,2006,Shiksha Maharjan,,,,NUMBER,,
