LAYOUTID,SUBLAYOUTID,COLUMNID,COLUMNNAME,DATATYPE,DATETYPEDETIAL,FIELDLENGTH,SN,STARTPOS,ENDPOS,UPDATED_BY,FIELDLINENUMBER,FIELDDELIMITER,FIELDPOSITION,CATEGORY,BUSINESSNAME,SEMANTICKEY
591,1,109,DisabilityDetailOffsetCode2,VARCHAR2,,3,46408,1066,1068,,,,,VARCHAR2,,
591,1,110,DisabilityDetailOffsetCode2Des,VARCHAR2,,50,46409,1069,1118,,,,,VARCHAR2,,
591,1,111,DisabilityDaysPaid,VARCHAR2,,4,46410,1119,1122,,,,,VARCHAR2,,
591,1,112,DisabilityTerm,VARCHAR2,,1,46411,1123,1123,,,,,VARCHAR2,,
591,1,113,DisabilityDisabledDate,DATE,MMDDYYYY,8,46412,1124,1131,,,,,DATE,,
591,1,114,DisabilityPayBeginDate,DATE,MMDDYYYY,8,46413,1132,1139,,,,,DATE,,
591,1,115,DisabilityPayEndDate,DATE,MMDDYYYY,8,46414,1140,1147,,,,,DATE,,
591,1,116,PatientClaimantGender,VARCHAR2,,1,46415,1148,1148,,,,,VARCHAR2,,
591,1,117,PatientClaimantSSNMemberID,VARCHAR2,,30,46416,1149,1178,,,,,VARCHAR2,,
591,1,118,InternalseqoftheInsuredEnrolle,VARCHAR2,,7,46417,1179,1185,,,,,VARCHAR2,,
591,1,119,DCN,VARCHAR2,,15,46418,1186,1200,,,,,VARCHAR2,,
591,1,120,PatientAccountNo,VARCHAR2,,30,46419,1201,1230,,,,,VARCHAR2,,
591,1,121,AdmisstionType,VARCHAR2,,1,46420,1231,1231,,,,,VARCHAR2,,
591,1,122,AdmissionSource,VARCHAR2,,1,46421,1232,1232,,,,,VARCHAR2,,
591,1,123,ServiceProviderAddress1,VARCHAR2,,55,46422,1233,1287,,,,,VARCHAR2,,
591,1,124,ServiceProviderAddress2,VARCHAR2,,55,46423,1288,1342,,,,,VARCHAR2,,
591,1,125,ServiceProviderCity,VARCHAR2,,30,46424,1343,1372,,,,,VARCHAR2,,
591,1,126,ServiceProviderState,VARCHAR2,,2,46425,1373,1374,,,,,VARCHAR2,,
591,1,127,ServiceProviderZip,VARCHAR2,,5,46426,1375,1379,,,,,VARCHAR2,,
591,1,1,ClaimPeriod,VARCHAR2,,6,46300,1,6,,,,,VARCHAR2,,
591,1,2,DirID,VARCHAR2,,3,46301,7,9,,,,,VARCHAR2,,
591,1,3,GroupNumber,VARCHAR2,,8,46302,10,17,,,,,VARCHAR2,,
591,1,4,PlanNumber,VARCHAR2,,8,46303,18,25,,,,,VARCHAR2,,
591,1,5,LocationNumber,VARCHAR2,,4,46304,26,29,,,,,VARCHAR2,,
591,1,6,ClaimTypeBenefitType,VARCHAR2,,2,46305,30,31,,,,,VARCHAR2,,
591,1,7,PlaceService,VARCHAR2,,2,46306,32,33,,,,,VARCHAR2,,
591,1,8,CPTRevHCPCSCode,VARCHAR2,,5,46307,34,38,,,,,VARCHAR2,,
591,1,9,Modifier,VARCHAR2,,2,46308,39,40,,,,,VARCHAR2,,
591,1,10,DiagnosisCode,VARCHAR2,,5,46309,41,45,,,,,VARCHAR2,,
591,1,11,BenefitCode,VARCHAR2,,4,46310,46,49,,,,,VARCHAR2,,
591,1,12,PPOContract,VARCHAR2,,3,46311,50,52,,,,,VARCHAR2,,
591,1,13,IncurredFromDate,DATE,MMDDYYYY,8,46312,53,60,,,,,DATE,,
591,1,14,DVT,NUMBER,,8,46313,61,68,,,,,NUMBER,,
591,1,15,ProviderTIN,VARCHAR2,,9,46314,69,77,,,,,VARCHAR2,,
591,1,16,ProviderSuffix,VARCHAR2,,2,46315,78,79,,,,,VARCHAR2,,
591,1,17,SiteIndicator,VARCHAR2,,7,46316,80,86,,,,,VARCHAR2,,
591,1,18,ProviderType,VARCHAR2,,3,46317,87,89,,,,,VARCHAR2,,
591,1,19,ProviderZip,VARCHAR2,,5,46318,90,94,,,,,VARCHAR2,,
591,1,20,SSNMemberID,VARCHAR2,,30,46319,95,124,,,,,VARCHAR2,,
591,1,21,PatientMemberCode,VARCHAR2,,1,46320,125,125,,,,,VARCHAR2,,
591,1,22,BenefitSuffix,VARCHAR2,,1,46321,126,126,,,,,VARCHAR2,,
591,1,23,PatientZipCode,VARCHAR2,,5,46322,127,131,,,,,VARCHAR2,,
591,1,24,SubmittedCharge,NUMBER,,12,46323,132,143,,,,,NUMBER,,
591,1,25,InEligibleCharges,NUMBER,,12,46324,144,155,,,,,NUMBER,,
591,1,26,PPODiscAmount,NUMBER,,12,46325,156,167,,,,,NUMBER,,
591,1,27,NegotiatedDiscAmount,NUMBER,,12,46326,168,179,,,,,NUMBER,,
591,1,28,PromptPayDiscAmt,NUMBER,,12,46327,180,191,,,,,NUMBER,,
591,1,29,InelDiscreMarkCode,VARCHAR2,,2,46328,192,193,,,,,VARCHAR2,,
591,1,30,FutureUseAmount,NUMBER,,12,46329,194,205,,,,,NUMBER,,
591,1,31,DeductibleAmount,NUMBER,,12,46330,206,217,,,,,NUMBER,,
591,1,32,CoPayAmount,NUMBER,,12,46331,218,229,,,,,NUMBER,,
591,1,33,COBAmount,NUMBER,,12,46332,230,241,,,,,NUMBER,,
591,1,34,OtherClmAdjVoidAmts,NUMBER,,12,46333,242,253,,,,,NUMBER,,
591,1,35,WorkCompSTDamt,NUMBER,,12,46334,254,265,,,,,NUMBER,,
591,1,36,ExtraDollarField1,NUMBER,,12,46335,266,277,,,,,NUMBER,,
591,1,37,ExtraDollarField2,NUMBER,,12,46336,278,289,,,,,NUMBER,,
591,1,38,ExtraDollarField3,NUMBER,,12,46337,290,301,,,,,NUMBER,,
591,1,39,ExtraDollarField4,NUMBER,,12,46338,302,313,,,,,NUMBER,,
591,1,40,ExtraDollarField5,NUMBER,,12,46339,314,325,,,,,NUMBER,,
591,1,41,ExtraDollarField6,NUMBER,,12,46340,326,337,,,,,NUMBER,,
591,1,42,ExtraDollarField7,NUMBER,,12,46341,338,349,,,,,NUMBER,,
591,1,43,ExtraDollarField8,NUMBER,,12,46342,350,361,,,,,NUMBER,,
591,1,44,ExtraDollarField9,NUMBER,,12,46343,362,373,,,,,NUMBER,,
591,1,45,PaidAmount,NUMBER,,12,46344,374,385,,,,,NUMBER,,
591,1,46,PaidDate,DATE,MMDDYYYY,8,46345,386,393,,,,,DATE,,
591,1,47,ProcessedDate,DATE,MMDDYYYY,8,46346,394,401,,,,,DATE,,
591,1,48,ReceivedDate,DATE,MMDDYYYY,8,46347,402,409,,,,,DATE,,
591,1,49,ClaimAndWSNumber,VARCHAR2,,10,46348,410,419,,,,,VARCHAR2,,
591,1,50,ClaimLineNumber,VARCHAR2,,3,46349,420,422,,,,,VARCHAR2,,
591,1,51,ClaimLineDupCounter,VARCHAR2,,1,46350,423,423,,,,,VARCHAR2,,
591,1,52,AdjVoidReasonCode,VARCHAR2,,2,46351,424,425,,,,,VARCHAR2,,
591,1,53,ClaimantPatientStatus,VARCHAR2,,1,46352,426,426,,,,,VARCHAR2,,
591,1,54,ClainantPatientDOB,DATE,MMDDYYYY,8,46353,427,434,,,,,DATE,,
591,1,55,CheckNumberProv,VARCHAR2,,12,46354,435,446,,,,,VARCHAR2,,
591,1,56,CheckNumberEE,VARCHAR2,,12,46355,447,458,,,,,VARCHAR2,,
591,1,57,PayeeNameProvider,VARCHAR2,,25,46356,459,483,,,,,VARCHAR2,,
591,1,58,PayeeNameEnrollee,VARCHAR2,,25,46357,484,508,,,,,VARCHAR2,,
591,1,59,ClaimantPatientLastName,VARCHAR2,,35,46358,509,543,,,,,VARCHAR2,,
591,1,60,ClaimantPatientFirstName,VARCHAR2,,25,46359,544,568,,,,,VARCHAR2,,
591,1,61,EnrolleeLastName,VARCHAR2,,35,46360,569,603,,,,,VARCHAR2,,
591,1,62,EnrolleeFirstName,VARCHAR2,,25,46361,604,628,,,,,VARCHAR2,,
591,1,63,ServiceProviderLastName,VARCHAR2,,35,46362,629,663,,,,,VARCHAR2,,
591,1,64,ServiceProviderFirstName,VARCHAR2,,25,46363,664,688,,,,,VARCHAR2,,
591,1,65,BatchNumber,VARCHAR2,,8,46364,689,696,,,,,VARCHAR2,,
591,1,66,ReferrenceNumber,VARCHAR2,,6,46365,697,702,,,,,VARCHAR2,,
591,1,67,IncurredThruDate,DATE,MMDDYYYY,8,46366,703,710,,,,,DATE,,
591,1,68,PPODescription,VARCHAR2,,30,46367,711,740,,,,,VARCHAR2,,
591,1,69,DischargeStatus,VARCHAR2,,2,46368,741,742,,,,,VARCHAR2,,
591,1,70,AdmitDate,DATE,MMDDYYYY,8,46369,743,750,,,,,DATE,,
591,1,71,DischargeDate,DATE,MMDDYYYY,8,46370,751,758,,,,,DATE,,
591,1,72,DRGCode,VARCHAR2,,3,46371,759,761,,,,,VARCHAR2,,
591,1,73,DRGAmount,NUMBER,,12,46372,762,773,,,,,NUMBER,,
591,1,74,ICD9Procedure1,VARCHAR2,,7,46373,774,780,,,,,VARCHAR2,,
591,1,75,ICD9Procedure1Date,DATE,MMDDYYYY,8,46374,781,788,,,,,DATE,,
591,1,76,ICD9Procedure2,VARCHAR2,,7,46375,789,795,,,,,VARCHAR2,,
591,1,77,ICD9Procedure2Date,DATE,MMDDYYYY,8,46376,796,803,,,,,DATE,,
591,1,78,ICD9Procedure3,VARCHAR2,,7,46377,804,810,,,,,VARCHAR2,,
591,1,79,ICD9Procedure3Date,DATE,MMDDYYYY,8,46378,811,818,,,,,DATE,,
591,1,80,ICD9Procedure4,VARCHAR2,,7,46379,819,825,,,,,VARCHAR2,,
591,1,81,ICD9Procedure4Date,DATE,MMDDYYYY,8,46380,826,833,,,,,DATE,,
591,1,82,ICD9Procedure5,VARCHAR2,,7,46381,834,840,,,,,VARCHAR2,,
591,1,83,ICD9Procedure5Date,DATE,MMDDYYYY,8,46382,841,848,,,,,DATE,,
591,1,84,ICD9Procedure6,VARCHAR2,,7,46383,849,855,,,,,VARCHAR2,,
591,1,85,ICD9Procedure6Date,DATE,MMDDYYYY,8,46384,856,863,,,,,DATE,,
591,1,86,ClaimStatusAccounting,VARCHAR2,,1,46385,864,864,,,,,VARCHAR2,,
591,1,87,ClaimStatusStatistics,VARCHAR2,,1,46386,865,865,,,,,VARCHAR2,,
591,1,88,ClaimDiagnosisCode2,VARCHAR2,,5,46387,866,870,,,,,VARCHAR2,,
591,1,89,ClaimDiagnosisCode3,VARCHAR2,,5,46388,871,875,,,,,VARCHAR2,,
591,1,90,ClaimDiagnosisCode4,VARCHAR2,,5,46389,876,880,,,,,VARCHAR2,,
591,1,91,ClaimDiagnosisCode5,VARCHAR2,,5,46390,881,885,,,,,VARCHAR2,,
591,1,92,ClaimDiagnosisCode6,VARCHAR2,,5,46391,886,890,,,,,VARCHAR2,,
591,1,93,ClaimDiagnosisCode7,VARCHAR2,,5,46392,891,895,,,,,VARCHAR2,,
591,1,94,ToothNumber,VARCHAR2,,2,46393,896,897,,,,,VARCHAR2,,
591,1,95,ToothSurface,VARCHAR2,,5,46394,898,902,,,,,VARCHAR2,,
591,1,96,DisabilityBenefitAmount,NUMBER,,10,46395,903,912,,,,,NUMBER,,
591,1,97,DisabilityFederalTax,NUMBER,,10,46396,913,922,,,,,NUMBER,,
591,1,98,DisabilitySocialSecTax,NUMBER,,10,46397,923,932,,,,,NUMBER,,
591,1,99,DisabilityMedicareTax,NUMBER,,10,46398,933,942,,,,,NUMBER,,
591,1,100,DisabilityStateTax,NUMBER,,10,46399,943,952,,,,,NUMBER,,
591,1,101,DisabilityOtherTax1,NUMBER,,10,46400,953,962,,,,,NUMBER,,
591,1,102,DisabilityOtherTax2,NUMBER,,10,46401,963,972,,,,,NUMBER,,
591,1,103,DisabilityFlatAmount,NUMBER,,10,46402,973,982,,,,,NUMBER,,
591,1,104,DisabilityOffsetAmount,NUMBER,,10,46403,983,992,,,,,NUMBER,,
591,1,105,DisabilityDetailOffsetAmount1,NUMBER,,10,46404,993,1002,,,,,NUMBER,,
591,1,106,DisabilityDetailOffsetCode1,VARCHAR2,,3,46405,1003,1005,,,,,VARCHAR2,,
591,1,107,DisabilityDetailOffsetCode1Des,VARCHAR2,,50,46406,1006,1055,,,,,VARCHAR2,,
591,1,108,DisabilityDetailOffsetAmount2,NUMBER,,10,46407,1056,1065,,,,,NUMBER,,
