LAYOUTID,SUBLAYOUTID,COLUMNID,COLUMNNAME,DATATYPE,DATETYPEDETIAL,FIELDLENGTH,SN,STARTPOS,ENDPOS,UPDATED_BY,FIELDLINENUMBER,FIELDDELIMITER,FIELDPOSITION,CATEGORY,BUSINESSNAME,SEMANTICKEY
672,1,164,COBPaidbyOther,NUMBER,,9,51582,875,883,,,,,NUMBER,,
672,1,165,ReserveFlag,NUMBER,,1,51583,884,884,,,,,NUMBER,,
672,1,166,ReserveAmount,NUMBER,,9,51584,885,893,,,,,NUMBER,,
672,1,167,PayeeTypeCode1,VARCHAR2,,1,51585,894,894,,,,,VARCHAR2,,
672,1,168,PayeeTypeCode2,VARCHAR2,,1,51586,895,895,,,,,VARCHAR2,,
672,1,169,PayeeTypeCode3,VARCHAR2,,1,51587,896,896,,,,,VARCHAR2,,
672,1,170,PaymentStatus1,VARCHAR2,,1,51588,897,897,,,,,VARCHAR2,,
672,1,171,PaymentStatus2,VARCHAR2,,1,51589,898,898,,,,,VARCHAR2,,
672,1,172,PaymentStatus3,VARCHAR2,,1,51590,899,899,,,,,VARCHAR2,,
672,1,173,PayeeIndent1,VARCHAR2,,20,51591,900,919,,,,,VARCHAR2,,
672,1,174,PayeeIndent2,VARCHAR2,,20,51592,920,939,,,,,VARCHAR2,,
672,1,175,PayeeIndent3,VARCHAR2,,20,51593,940,959,,,,,VARCHAR2,,
672,1,176,TotalPaid,NUMBER,,9,51594,960,968,,,,,NUMBER,,
672,1,177,PaymentAmt1,NUMBER,,9,51595,969,977,,,,,NUMBER,,
672,1,178,PaymentAmt2,NUMBER,,9,51596,978,986,,,,,NUMBER,,
672,1,179,PaymentAmt3,NUMBER,,9,51597,987,995,,,,,NUMBER,,
672,1,180,DateAdjudicate,DATE,YYYYMMDD,8,51598,996,1003,,,,,DATE,,
672,1,181,PendingPayDate,DATE,YYYYMMDD,8,51599,1004,1011,,,,,DATE,,
672,1,182,PaymentDate,DATE,YYYYMMDD,8,51600,1012,1019,,,,,DATE,,
672,1,183,CheckNumber1,VARCHAR2,,6,51601,1020,1025,,,,,VARCHAR2,,
672,1,184,CheckNumber2,VARCHAR2,,6,51602,1026,1031,,,,,VARCHAR2,,
672,1,185,CheckNumber3,VARCHAR2,,6,51603,1032,1037,,,,,VARCHAR2,,
672,1,186,CheckDate1,DATE,YYYYMMDD,8,51604,1038,1045,,,,,DATE,,
672,1,187,CheckDate2,DATE,YYYYMMDD,8,51605,1046,1053,,,,,DATE,,
672,1,188,CheckDate3,DATE,YYYYMMDD,8,51606,1054,1061,,,,,DATE,,
672,1,189,EOBNumber1,VARCHAR2,,10,51607,1062,1071,,,,,VARCHAR2,,
672,1,190,EOBNumber2,VARCHAR2,,10,51608,1072,1081,,,,,VARCHAR2,,
672,1,191,EOBNumber3,VARCHAR2,,10,51609,1082,1091,,,,,VARCHAR2,,
672,1,192,SpecificorAgg,VARCHAR2,,1,51610,1092,1092,,,,,VARCHAR2,,
672,1,193,PosttoUnreptTot,VARCHAR2,,1,51611,1093,1093,,,,,VARCHAR2,,
672,1,194,SpecificRenewalYr,VARCHAR2,,4,51612,1094,1097,,,,,VARCHAR2,,
672,1,195,AggregateRenewalYr,VARCHAR2,,4,51613,1098,1101,,,,,VARCHAR2,,
672,1,196,VoidStatus,VARCHAR2,,1,51614,1102,1102,,,,,VARCHAR2,,
672,1,197,VoidPendingDate,DATE,YYYYMMDD,8,51615,1103,1110,,,,,DATE,,
672,1,198,VoidDate,DATE,YYYYMMDD,8,51616,1111,1118,,,,,DATE,,
672,1,199,VoidAmount,NUMBER,,9,51617,1119,1127,,,,,NUMBER,,
672,1,200,VoidPosttoStopLoss,VARCHAR2,,1,51618,1128,1128,,,,,VARCHAR2,,
672,1,201,VoidReason,VARCHAR2,,2,51619,1129,1130,,,,,VARCHAR2,,
672,1,202,VoidBy,VARCHAR2,,8,51620,1131,1138,,,,,VARCHAR2,,
672,1,203,AutomaticFlag,VARCHAR2,,1,51621,1139,1139,,,,,VARCHAR2,,
672,1,204,AutomaticDate,DATE,YYYYMMDD,8,51622,1140,1147,,,,,DATE,,
672,1,205,AdjudicatebyCode,VARCHAR2,,8,51623,1148,1155,,,,,VARCHAR2,,
672,1,206,AdjudicatebyDate,DATE,YYYYMMDD,8,51624,1156,1163,,,,,DATE,,
672,1,207,ReviewerCode,VARCHAR2,,8,51625,1164,1171,,,,,VARCHAR2,,
672,1,208,ReviewerDate,DATE,YYYYMMDD,8,51626,1172,1179,,,,,DATE,,
672,1,209,PPOinService,VARCHAR2,,8,51627,1180,1187,,,,,VARCHAR2,,
672,1,210,StepupAmount,VARCHAR2,,8,51628,1188,1195,,,,,VARCHAR2,,
672,1,211,ClaimantRemarks1,VARCHAR2,,4,51629,1196,1199,,,,,VARCHAR2,,
672,1,212,ClaimantRemarks2,VARCHAR2,,4,51630,1200,1203,,,,,VARCHAR2,,
672,1,213,ClaimantRemarks3,VARCHAR2,,4,51631,1204,1207,,,,,VARCHAR2,,
672,1,214,ClaimantRemarks4,VARCHAR2,,4,51632,1208,1211,,,,,VARCHAR2,,
672,1,215,ProviderRemarks1,VARCHAR2,,4,51633,1212,1215,,,,,VARCHAR2,,
672,1,216,ProviderRemarks2,VARCHAR2,,4,51634,1216,1219,,,,,VARCHAR2,,
672,1,217,ProviderRemarks3,VARCHAR2,,4,51635,1220,1223,,,,,VARCHAR2,,
672,1,218,ProviderRemarks4,VARCHAR2,,4,51636,1224,1227,,,,,VARCHAR2,,
672,1,219,LetterstoPrint1,VARCHAR2,,4,51637,1228,1231,,,,,VARCHAR2,,
672,1,220,LetterstoPrint2,VARCHAR2,,4,51638,1232,1235,,,,,VARCHAR2,,
672,1,221,GMISPayPrecent,VARCHAR2,,3,51639,1236,1238,,,,,VARCHAR2,,
672,1,222,GMISMessageCode,VARCHAR2,,5,51640,1239,1243,,,,,VARCHAR2,,
672,1,223,ClaimantNOPayEOB,VARCHAR2,,10,51641,1244,1253,,,,,VARCHAR2,,
672,1,224,ProviderType,VARCHAR2,,2,51642,1254,1255,,,,,VARCHAR2,,
672,1,225,PaidbyPlaceService,VARCHAR2,,1,51643,1256,1256,,,,,VARCHAR2,,
672,1,226,PPOPriceFromPPO,VARCHAR2,,1,51644,1257,1257,,,,,VARCHAR2,,
672,1,227,ConfinementNumber,VARCHAR2,,2,51645,1258,1259,,,,,VARCHAR2,,
672,1,228,PriorRecPostedTo,VARCHAR2,,1,51646,1260,1260,,,,,VARCHAR2,,
672,1,229,PPOManualEntry,NUMBER,,9,51647,1261,1269,,,,,NUMBER,,
672,1,230,PLSinServiceRE,VARCHAR2,,1,51648,1270,1270,,,,,VARCHAR2,,
672,1,1,Year,VARCHAR2,,4,51419,1,4,,,,,VARCHAR2,,
672,1,2,Month,VARCHAR2,,2,51420,5,6,,,,,VARCHAR2,,
672,1,3,Day,VARCHAR2,,2,51421,7,8,,,,,VARCHAR2,,
672,1,4,ClaimNumber,VARCHAR2,,4,51422,9,12,,,,,VARCHAR2,,
672,1,5,ClaimLineNo,VARCHAR2,,2,51423,13,14,,,,,VARCHAR2,,
672,1,6,GroupNumber,VARCHAR2,,20,51424,15,34,,,,,VARCHAR2,,
672,1,7,Participant,VARCHAR2,,20,51425,35,54,,,,,VARCHAR2,,
672,1,8,DependentNumber,VARCHAR2,,2,51426,55,56,,,,,VARCHAR2,,
672,1,9,GrouporDivision,VARCHAR2,,4,51427,57,60,,,,,VARCHAR2,,
672,1,10,CoverageCategory,VARCHAR2,,3,51428,61,63,,,,,VARCHAR2,,
672,1,11,GroupRenewal,VARCHAR2,,2,51429,64,65,,,,,VARCHAR2,,
672,1,12,PlanNumber,VARCHAR2,,20,51430,66,85,,,,,VARCHAR2,,
672,1,13,PlanVersion,VARCHAR2,,2,51431,86,87,,,,,VARCHAR2,,
672,1,14,IndexerName,VARCHAR2,,8,51432,88,95,,,,,VARCHAR2,,
672,1,15,GMISFlag,VARCHAR2,,1,51433,96,96,,,,,VARCHAR2,,
672,1,16,PatientAge,VARCHAR2,,3,51434,97,99,,,,,VARCHAR2,,
672,1,17,PatientSex,VARCHAR2,,1,51435,100,100,,,,,VARCHAR2,,
672,1,18,RelationtoParticipant,VARCHAR2,,1,51436,101,101,,,,,VARCHAR2,,
672,1,19,DateWorkField,VARCHAR2,,8,51437,102,109,,,,,VARCHAR2,,
672,1,20,HistoryStatus,VARCHAR2,,1,51438,110,110,,,,,VARCHAR2,,
672,1,21,ReversalType,VARCHAR2,,1,51439,111,111,,,,,VARCHAR2,,
672,1,22,ReversalLmNbr,VARCHAR2,,14,51440,112,125,,,,,VARCHAR2,,
672,1,23,UnitsPaidFor,VARCHAR2,,2,51441,126,127,,,,,VARCHAR2,,
672,1,24,CurrentStatus,VARCHAR2,,1,51442,128,128,,,,,VARCHAR2,,
672,1,25,CleanClmFlag,VARCHAR2,,1,51443,129,129,,,,,VARCHAR2,,
672,1,26,AuditFlag,VARCHAR2,,1,51444,130,130,,,,,VARCHAR2,,
672,1,27,VOIDREVERSETYPE,VARCHAR2,,1,51445,131,131,,,,,VARCHAR2,,
672,1,28,PreTreatmentFlag,VARCHAR2,,1,51446,132,132,,,,,VARCHAR2,,
672,1,29,UserHoldCodes_1,VARCHAR2,,4,51447,133,136,,,,,VARCHAR2,,
672,1,30,UserHoldCodes_2,VARCHAR2,,4,51448,137,140,,,,,VARCHAR2,,
672,1,31,NDCCodes,VARCHAR2,,11,51449,141,151,,,,,VARCHAR2,,
672,1,32,HCFAPlaceofService,VARCHAR2,,2,51450,152,153,,,,,VARCHAR2,,
672,1,33,AnesthesiaCPT,VARCHAR2,,5,51451,154,158,,,,,VARCHAR2,,
672,1,34,HMOCode,VARCHAR2,,8,51452,159,166,,,,,VARCHAR2,,
672,1,35,HMOProviderCategory,VARCHAR2,,1,51453,167,167,,,,,VARCHAR2,,
672,1,36,HMOProviderPayType,VARCHAR2,,1,51454,168,168,,,,,VARCHAR2,,
672,1,37,StopLossLineCode,VARCHAR2,,1,51455,169,169,,,,,VARCHAR2,,
672,1,38,PPOCalcMethod,VARCHAR2,,1,51456,170,170,,,,,VARCHAR2,,
672,1,39,HMO_IDENT_LETTER,VARCHAR2,,1,51457,171,171,,,,,VARCHAR2,,
672,1,40,HMO_WITH_HOLD_CODE,VARCHAR2,,1,51458,172,172,,,,,VARCHAR2,,
672,1,41,SystemHoldCodes,VARCHAR2,,4,51459,173,176,,,,,VARCHAR2,,
672,1,42,HELD_DATE,DATE,YYYYMMDD,8,51460,177,184,,,,,DATE,,
672,1,43,AuditHoldCode,VARCHAR2,,1,51461,185,185,,,,,VARCHAR2,,
672,1,44,CAL_YEAR_MAX_CODE1,VARCHAR2,,4,51462,186,189,,,,,VARCHAR2,,
672,1,45,CAL_YEAR_MAX_CODE2,VARCHAR2,,1,51463,190,190,,,,,VARCHAR2,,
672,1,46,CAL_YEAR_MAX_CODE3,VARCHAR2,,1,51464,191,191,,,,,VARCHAR2,,
672,1,47,CAL_YEAR_DATA,VARCHAR2,,1,51465,192,192,,,,,VARCHAR2,,
672,1,48,HMO_GL_EXP_ACCT,VARCHAR2,,16,51466,193,208,,,,,VARCHAR2,,
672,1,49,AssignmentCode,VARCHAR2,,1,51467,209,209,,,,,VARCHAR2,,
672,1,50,ProviderID,VARCHAR2,,9,51468,210,218,,,,,VARCHAR2,,
672,1,51,ProviderLoc,VARCHAR2,,3,51469,219,221,,,,,VARCHAR2,,
672,1,52,ProviderPatientID,VARCHAR2,,20,51470,222,241,,,,,VARCHAR2,,
672,1,53,ClaimType,VARCHAR2,,1,51471,242,242,,,,,VARCHAR2,,
672,1,54,BillingDate,DATE,YYYYMMDD,8,51472,243,250,,,,,DATE,,
672,1,55,UB82Status,VARCHAR2,,2,51473,251,252,,,,,VARCHAR2,,
672,1,56,ReferringorPCPDoctor,VARCHAR2,,12,51474,253,264,,,,,VARCHAR2,,
672,1,57,AccidentFlag,VARCHAR2,,1,51475,265,265,,,,,VARCHAR2,,
672,1,58,AccidentTypeCode,VARCHAR2,,2,51476,266,267,,,,,VARCHAR2,,
672,1,59,AccidentDate,DATE,YYYYMMDD,8,51477,268,275,,,,,DATE,,
672,1,60,PayasExtBENEFIT,VARCHAR2,,1,51478,276,276,,,,,VARCHAR2,,
672,1,61,PayasPreExist,VARCHAR2,,1,51479,277,277,,,,,VARCHAR2,,
672,1,62,DateofServiceFrom,DATE,YYYYMMDD,8,51480,278,285,,,,,DATE,,
672,1,63,DateofServiceTo,DATE,YYYYMMDD,8,51481,286,293,,,,,DATE,,
672,1,64,PlaceofService,VARCHAR2,,1,51482,294,294,,,,,VARCHAR2,,
672,1,65,ProcedureorRevCode,VARCHAR2,,5,51483,295,299,,,,,VARCHAR2,,
672,1,66,ProcedureModifier,VARCHAR2,,2,51484,300,301,,,,,VARCHAR2,,
672,1,67,Diagnosis1,VARCHAR2,,6,51485,302,307,,,,,VARCHAR2,,
672,1,68,Diagnosis2,VARCHAR2,,6,51486,308,313,,,,,VARCHAR2,,
672,1,69,Diagnosis3,VARCHAR2,,6,51487,314,319,,,,,VARCHAR2,,
672,1,70,Diagnosis4,VARCHAR2,,6,51488,320,325,,,,,VARCHAR2,,
672,1,71,Diagnosis5,VARCHAR2,,6,51489,326,331,,,,,VARCHAR2,,
672,1,72,ChargeAmount,NUMBER,,9,51490,332,340,,,,,NUMBER,,
672,1,73,Time,VARCHAR2,,2,51491,341,342,,,,,VARCHAR2,,
672,1,74,Units,VARCHAR2,,2,51492,343,344,,,,,VARCHAR2,,
672,1,75,TypeofService,VARCHAR2,,1,51493,345,345,,,,,VARCHAR2,,
672,1,76,PreAdmitTesting,VARCHAR2,,1,51494,346,346,,,,,VARCHAR2,,
672,1,77,ToothNumber,VARCHAR2,,2,51495,347,348,,,,,VARCHAR2,,
672,1,78,ToothSurface1,VARCHAR2,,1,51496,349,349,,,,,VARCHAR2,,
672,1,79,ToothSurface2,VARCHAR2,,1,51497,350,350,,,,,VARCHAR2,,
672,1,80,ToothSurface3,VARCHAR2,,1,51498,351,351,,,,,VARCHAR2,,
672,1,81,ToothSurface4,VARCHAR2,,1,51499,352,352,,,,,VARCHAR2,,
672,1,82,ToothSurface5,VARCHAR2,,1,51500,353,353,,,,,VARCHAR2,,
672,1,83,BaseAmountPaid,VARCHAR2,,7,51501,354,360,,,,,VARCHAR2,,
672,1,84,MostComSemiPrivate,NUMBER,,7,51502,361,367,,,,,NUMBER,,
672,1,85,AlternateProcedure,VARCHAR2,,5,51503,368,372,,,,,VARCHAR2,,
672,1,86,InelAmt1,NUMBER,,9,51504,373,381,,,,,NUMBER,,
672,1,87,InelAmt2,NUMBER,,9,51505,382,390,,,,,NUMBER,,
672,1,88,ReasonforInel,VARCHAR2,,4,51506,391,394,,,,,VARCHAR2,,
672,1,89,ReasonforInel2,VARCHAR2,,4,51507,395,398,,,,,VARCHAR2,,
672,1,90,ServiceCode,VARCHAR2,,6,51508,399,404,,,,,VARCHAR2,,
672,1,91,PPOCode,VARCHAR2,,8,51509,405,412,,,,,VARCHAR2,,
672,1,92,PPODiscount,NUMBER,,9,51510,413,421,,,,,NUMBER,,
672,1,93,RCDiscount,NUMBER,,9,51511,422,430,,,,,NUMBER,,
672,1,94,RCOverride,NUMBER,,9,51512,431,439,,,,,NUMBER,,
672,1,95,PenaltyNOPrecert,NUMBER,,9,51513,440,448,,,,,NUMBER,,
672,1,96,URGroup,VARCHAR2,,8,51514,449,456,,,,,VARCHAR2,,
672,1,97,PreCertRecord,VARCHAR2,,8,51515,457,464,,,,,VARCHAR2,,
672,1,98,ServiceOverride,VARCHAR2,,2,51516,465,466,,,,,VARCHAR2,,
672,1,99,BaseBeninLifeMX,VARCHAR2,,1,51517,467,467,,,,,VARCHAR2,,
672,1,100,TransfertoFlex,VARCHAR2,,1,51518,468,468,,,,,VARCHAR2,,
672,1,101,LifetimeHistoryCodes1,VARCHAR2,,1,51519,469,469,,,,,VARCHAR2,,
672,1,102,LifetimeHistoryCodes2,VARCHAR2,,1,51520,470,470,,,,,VARCHAR2,,
672,1,103,LifetimeHistoryCodes3,VARCHAR2,,1,51521,471,471,,,,,VARCHAR2,,
672,1,104,LifetimeHistoryCodes4,VARCHAR2,,1,51522,472,472,,,,,VARCHAR2,,
672,1,105,LifetimeHistoryCodes5,VARCHAR2,,1,51523,473,473,,,,,VARCHAR2,,
672,1,106,BenDedHistCode,VARCHAR2,,1,51524,474,474,,,,,VARCHAR2,,
672,1,107,BENEFITDEDUCTAMOUNT,NUMBER,,8,51525,475,482,,,,,NUMBER,,
672,1,108,OutNetworkDeduct,NUMBER,,9,51526,483,491,,,,,NUMBER,,
672,1,109,DeductHistCode,VARCHAR2,,8,51527,492,499,,,,,VARCHAR2,,
672,1,110,DedAmt1,NUMBER,,9,51528,500,508,,,,,NUMBER,,
672,1,111,DedAmt2,NUMBER,,9,51529,509,517,,,,,NUMBER,,
672,1,112,DedAmt3,NUMBER,,9,51530,518,526,,,,,NUMBER,,
672,1,113,DedAmt4,NUMBER,,9,51531,527,535,,,,,NUMBER,,
672,1,114,CL_TYPE_1,VARCHAR2,,1,51532,536,536,,,,,VARCHAR2,,
672,1,115,CL_TYPE_2,VARCHAR2,,1,51533,537,537,,,,,VARCHAR2,,
672,1,116,CL_TYPE_3,VARCHAR2,,1,51534,538,538,,,,,VARCHAR2,,
672,1,117,CL_TYPE_4,VARCHAR2,,1,51535,539,539,,,,,VARCHAR2,,
672,1,118,CL_TYPE_5,VARCHAR2,,1,51536,540,540,,,,,VARCHAR2,,
672,1,119,CL_TYPE_6,VARCHAR2,,1,51537,541,541,,,,,VARCHAR2,,
672,1,120,CL_CODE_1,VARCHAR2,,6,51538,542,547,,,,,VARCHAR2,,
672,1,121,CL_CODE_2,VARCHAR2,,6,51539,548,553,,,,,VARCHAR2,,
672,1,122,CL_CODE_3,VARCHAR2,,6,51540,554,559,,,,,VARCHAR2,,
672,1,123,CL_CODE_4,VARCHAR2,,6,51541,560,565,,,,,VARCHAR2,,
672,1,124,AppAmt1,NUMBER,,9,51542,566,574,,,,,NUMBER,,
672,1,125,AppAmt2,NUMBER,,9,51543,575,583,,,,,NUMBER,,
672,1,126,AppAmt3,NUMBER,,9,51544,584,592,,,,,NUMBER,,
672,1,127,AppAmt4,NUMBER,,9,51545,593,601,,,,,NUMBER,,
672,1,128,AppAmt5,NUMBER,,9,51546,602,610,,,,,NUMBER,,
672,1,129,AppAmt6,NUMBER,,9,51547,611,619,,,,,NUMBER,,
672,1,130,RemainingAmt1,NUMBER,,9,51548,620,628,,,,,NUMBER,,
672,1,131,RemainingAmt2,NUMBER,,9,51549,629,637,,,,,NUMBER,,
672,1,132,RemainingAmt3,NUMBER,,9,51550,638,646,,,,,NUMBER,,
672,1,133,RemainingAmt4,NUMBER,,9,51551,647,655,,,,,NUMBER,,
672,1,134,RemainingAmt5,NUMBER,,9,51552,656,664,,,,,NUMBER,,
672,1,135,RemainingAmt6,NUMBER,,9,51553,665,673,,,,,NUMBER,,
672,1,136,FamIndorPercent1,VARCHAR2,,6,51554,674,679,,,,,VARCHAR2,,
672,1,137,FamIndorPercent2,VARCHAR2,,6,51555,680,685,,,,,VARCHAR2,,
672,1,138,FamIndorPercent3,VARCHAR2,,6,51556,686,691,,,,,VARCHAR2,,
672,1,139,NotPaidAmt1,NUMBER,,9,51557,692,700,,,,,NUMBER,,
672,1,140,NotPaidAmt2,NUMBER,,9,51558,701,709,,,,,NUMBER,,
672,1,141,NotPaidAmt3,NUMBER,,9,51559,710,718,,,,,NUMBER,,
672,1,142,NotPaidAmt4,NUMBER,,9,51560,719,727,,,,,NUMBER,,
672,1,143,NotPaidAmt5,NUMBER,,9,51561,728,736,,,,,NUMBER,,
672,1,144,NotPaidAmt6,NUMBER,,9,51562,737,745,,,,,NUMBER,,
672,1,145,PaidAmt1,NUMBER,,9,51563,746,754,,,,,NUMBER,,
672,1,146,PaidAmt2,NUMBER,,9,51564,755,763,,,,,NUMBER,,
672,1,147,PaidAmt3,NUMBER,,9,51565,764,772,,,,,NUMBER,,
672,1,148,PaidAmt4,NUMBER,,9,51566,773,781,,,,,NUMBER,,
672,1,149,PaidAmt5,NUMBER,,9,51567,782,790,,,,,NUMBER,,
672,1,150,PaidAmt6,NUMBER,,9,51568,791,799,,,,,NUMBER,,
672,1,151,Paidat100,NUMBER,,9,51569,800,808,,,,,NUMBER,,
672,1,152,COINHistCode1,VARCHAR2,,2,51570,809,810,,,,,VARCHAR2,,
672,1,153,COINHistCode2,VARCHAR2,,2,51571,811,812,,,,,VARCHAR2,,
672,1,154,COINHistCode3,VARCHAR2,,2,51572,813,814,,,,,VARCHAR2,,
672,1,155,COINHistCode4,VARCHAR2,,2,51573,815,816,,,,,VARCHAR2,,
672,1,156,COINHISTAmt1,NUMBER,,9,51574,817,825,,,,,NUMBER,,
672,1,157,COINHISTAmt2,NUMBER,,9,51575,826,834,,,,,NUMBER,,
672,1,158,COINHISTAmt3,NUMBER,,9,51576,835,843,,,,,NUMBER,,
672,1,159,COINHISTAmt4,NUMBER,,9,51577,844,852,,,,,NUMBER,,
672,1,160,OOPHistory1,NUMBER,,2,51578,853,854,,,,,NUMBER,,
672,1,161,OOPHistory2,NUMBER,,2,51579,855,856,,,,,NUMBER,,
672,1,162,OOPAmount,NUMBER,,9,51580,857,865,,,,,NUMBER,,
672,1,163,RemainingOOPBefore,NUMBER,,9,51581,866,874,,,,,NUMBER,,
