LAYOUTID,SUBLAYOUTID,COLUMNID,COLUMNNAME,DATATYPE,DATETYPEDETIAL,FIELDLENGTH,SN,STARTPOS,ENDPOS,UPDATED_BY,FIELDLINENUMBER,FIELDDELIMITER,FIELDPOSITION,CATEGORY,BUSINESSNAME,SEMANTICKEY
3054,1,3,EMPLASTNAME,VARCHAR2,,35,245451,38,72,,,,,VARCHAR2,,
3054,1,4,EMPFIRSTNAME,VARCHAR2,,25,245452,73,97,,,,,VARCHAR2,,
3054,1,5,EMPDOB,DATE,YYYYMMDD,8,245453,98,105,,,,,DATE,,
3054,1,6,EMPGENDER,VARCHAR2,,1,245454,106,106,,,,,VARCHAR2,,
3054,1,7,EMPADDRLINE1,VARCHAR2,,55,245455,107,161,,,,,VARCHAR2,,
3054,1,8,EMPADDRLINE2,VARCHAR2,,55,245456,162,216,,,,,VARCHAR2,,
3054,1,9,EMPADDRCITY,VARCHAR2,,30,245457,217,246,,,,,VARCHAR2,,
3054,1,10,EMPADDRSTATE,VARCHAR2,,2,245458,247,248,,,,,VARCHAR2,,
3054,1,11,EMPZIPCD,VARCHAR2,,5,245459,249,253,,,,,VARCHAR2,,
3054,1,12,GROUPNO,VARCHAR2,,9,245460,254,262,,,,,VARCHAR2,,
3054,1,13,PRODUCT,VARCHAR2,,6,245461,263,268,,,,,VARCHAR2,,
3054,1,14,PAYROLLATATUSLOCATION,VARCHAR2,,10,245462,269,278,,,,,VARCHAR2,,
3054,1,15,CONTROLPLANIDENTIFIER,VARCHAR2,,3,245463,279,281,,,,,VARCHAR2,,
3054,1,16,SUBMITTINGPLANIDENTIFIER,VARCHAR2,,3,245464,282,284,,,,,VARCHAR2,,
3054,1,17,CLMNUMBER,VARCHAR2,,20,245465,285,304,,,,,VARCHAR2,,
3054,1,18,SCCFNUMBER,VARCHAR2,,17,245466,305,321,,,,,VARCHAR2,,
3054,1,19,TYPEOFCLMIDENTIFIER,VARCHAR2,,2,245467,322,323,,,,,VARCHAR2,,
3054,1,20,CLMADJTREASONCD,VARCHAR2,,3,245468,324,326,,,,,VARCHAR2,,
3054,1,21,ENCOUNTERCLM,VARCHAR2,,2,245469,327,328,,,,,VARCHAR2,,
3054,1,22,SOURCEFILEIDENTIFIER,VARCHAR2,,5,245470,329,333,,,,,VARCHAR2,,
3054,1,23,PATIENTLASTNAME,VARCHAR2,,35,245471,334,368,,,,,VARCHAR2,,
3054,1,24,PATIENTFIRSTNAME,VARCHAR2,,25,245472,369,393,,,,,VARCHAR2,,
3054,1,25,PATIENTSTATUS,VARCHAR2,,2,245473,394,395,,,,,VARCHAR2,,
3054,1,26,PATIENTDOB,DATE,YYYYMMDD,8,245474,396,403,,,,,DATE,,
3054,1,27,PATIENTRELATIONSHIP,VARCHAR2,,2,245475,404,405,,,,,VARCHAR2,,
3054,1,28,PATIENTGENDER,VARCHAR2,,1,245476,406,406,,,,,VARCHAR2,,
3054,1,29,DATECLAIMRECEIVED,DATE,YYYYMMDD,8,245477,407,414,,,,,DATE,,
3054,1,30,INCURREDDATE,DATE,YYYYMMDD,8,245478,415,422,,,,,DATE,,
3054,1,31,DISCHARGEDATE,DATE,YYYYMMDD,8,245479,423,430,,,,,DATE,,
3054,1,32,FINALIZATIONDATE,DATE,YYYYMMDD,8,245480,431,438,,,,,DATE,,
3054,1,1,EMPIDENTIFICATION,VARCHAR2,,17,245449,1,17,,,,,VARCHAR2,,
3054,1,2,EMPAGREEMENTNO,VARCHAR2,,20,245450,18,37,,,,,VARCHAR2,,
3054,1,33,PROCESSSTATUSCODE,VARCHAR2,,2,245481,439,440,,,,,VARCHAR2,,
3054,1,34,PLACEOFSERVICE,VARCHAR2,,3,245482,441,443,,,,,VARCHAR2,,
3054,1,35,LINENUMBER,NUMBER,,5,245483,444,448,,,,,NUMBER,,
3054,1,36,TYPEOFSERVICE,VARCHAR2,,6,245484,449,454,,,,,VARCHAR2,,
3054,1,37,NUMBEROFUNITS1,NUMBER,,5,245485,455,459,,,,,NUMBER,,
3054,1,38,ERINDICATOR,NUMBER,,2,245486,460,461,,,,,NUMBER,,
3054,1,39,PRIMARYDIAGCD,VARCHAR2,,6,245487,462,467,,,,,VARCHAR2,,
3054,1,40,SECONDARYDIAG2,VARCHAR2,,6,245488,468,473,,,,,VARCHAR2,,
3054,1,41,SECONDARYDIAG3,VARCHAR2,,6,245489,474,479,,,,,VARCHAR2,,
3054,1,42,SECONDARYDIAG4,VARCHAR2,,6,245490,480,485,,,,,VARCHAR2,,
3054,1,43,PRIMARYPROCCODE,VARCHAR2,,7,245491,486,492,,,,,VARCHAR2,,
3054,1,44,TYPEOFPROCCODEIND,VARCHAR2,,1,245492,493,493,,,,,VARCHAR2,,
3054,1,45,PRIMARYPROCCODEMODIFIER,VARCHAR2,,2,245493,494,495,,,,,VARCHAR2,,
3054,1,46,SECONDARYPROCCODEMODIFIER,VARCHAR2,,2,245494,496,497,,,,,VARCHAR2,,
3054,1,47,PROCCODE2,VARCHAR2,,7,245495,498,504,,,,,VARCHAR2,,
3054,1,48,PROCCODE3,VARCHAR2,,7,245496,505,511,,,,,VARCHAR2,,
3054,1,49,TOTNOOFSERVICES,NUMBER,,5,245497,512,516,,,,,NUMBER,,
3054,1,50,CLASSIFICATIONOFPROVIDER,VARCHAR2,,1,245498,517,517,,,,,VARCHAR2,,
3054,1,51,BLPROVIDENTIFIER,VARCHAR2,,20,245499,518,537,,,,,VARCHAR2,,
3054,1,52,BLPROVIDENTIFIERTYPE,VARCHAR2,,2,245500,538,539,,,,,VARCHAR2,,
3054,1,53,BLLNAMEOFPHYSICIANPROVIDER,VARCHAR2,,85,245501,540,624,,,,,VARCHAR2,,
3054,1,54,BLLPROVADDR1,VARCHAR2,,55,245502,625,679,,,,,VARCHAR2,,
3054,1,55,BLLPROVADDR2,VARCHAR2,,55,245503,680,734,,,,,VARCHAR2,,
3054,1,56,BLPROVCITY,VARCHAR2,,30,245504,735,764,,,,,VARCHAR2,,
3054,1,57,BLPROVSTATE,VARCHAR2,,2,245505,765,766,,,,,VARCHAR2,,
3054,1,58,BLPROVZIP,VARCHAR2,,5,245506,767,771,,,,,VARCHAR2,,
3054,1,59,BLPROVSPECIALTYCODE,VARCHAR2,,3,245507,772,774,,,,,VARCHAR2,,
3054,1,60,PAIDINOROUTOFNETWORK,VARCHAR2,,1,245508,775,775,,,,,VARCHAR2,,
3054,1,61,PCPIDENTIFIER,VARCHAR2,,16,245509,776,791,,,,,VARCHAR2,,
3054,1,62,PCPIDENTIFIERTYPE,VARCHAR2,,2,245510,792,793,,,,,VARCHAR2,,
3054,1,63,PERFPROVIDENTIFIER,VARCHAR2,,16,245511,794,809,,,,,VARCHAR2,,
3054,1,64,PERFPROVIDENTIFIERTYPE,VARCHAR2,,2,245512,810,811,,,,,VARCHAR2,,
3054,1,65,MEDICALRECORDNUMBER,VARCHAR2,,30,245513,812,841,,,,,VARCHAR2,,
3054,1,66,TYPEOFREIMBURSEMENT,VARCHAR2,,3,245514,842,844,,,,,VARCHAR2,,
3054,1,67,PAYMENTRECIPIENTCODE,VARCHAR2,,1,245515,845,845,,,,,VARCHAR2,,
3054,1,68,DRGCODE,VARCHAR2,,3,245516,846,848,,,,,VARCHAR2,,
3054,1,69,TYPEOFADMIND,VARCHAR2,,1,245517,849,849,,,,,VARCHAR2,,
3054,1,70,TOTSUBMITTEDCHARGES,NUMBER,,15,245518,850,864,,,,,NUMBER,,
3054,1,71,ANCILLARYSUBMITTEDCHARGES,NUMBER,,15,245519,865,879,,,,,NUMBER,,
3054,1,72,TOTCOVEREDCHARGES,NUMBER,,15,245520,880,894,,,,,NUMBER,,
3054,1,73,ANCILLARYCOVEREDCHARGES,NUMBER,,15,245521,895,909,,,,,NUMBER,,
3054,1,74,TOTPROVALLOWCHARGE,NUMBER,,15,245522,910,924,,,,,NUMBER,,
3054,1,75,ANCILLARYPROVALLOWCHARGE,NUMBER,,15,245523,925,939,,,,,NUMBER,,
3054,1,76,DEDUCTIBLEAMOUNT,NUMBER,,15,245524,940,954,,,,,NUMBER,,
3054,1,77,COINSURANCEAMOUNT,NUMBER,,15,245525,955,969,,,,,NUMBER,,
3054,1,78,COPAYAMOUNT,NUMBER,,15,245526,970,984,,,,,NUMBER,,
3054,1,79,AMOUNTEXCEEDINGMAXIUM,NUMBER,,15,245527,985,999,,,,,NUMBER,,
3054,1,80,EMPPENALTY,NUMBER,,15,245528,1000,1014,,,,,NUMBER,,
3054,1,81,OTHEREMPLIABILITY,NUMBER,,15,245529,1015,1029,,,,,NUMBER,,
3054,1,82,MEDICARESAVINGS,NUMBER,,15,245530,1030,1044,,,,,NUMBER,,
3054,1,83,OTHERCOBAMOUNT,NUMBER,,15,245531,1045,1059,,,,,NUMBER,,
3054,1,84,SALESTAX,NUMBER,,15,245532,1060,1074,,,,,NUMBER,,
3054,1,85,SURCHARGEAMOUNT,NUMBER,,15,245533,1075,1089,,,,,NUMBER,,
3054,1,86,PROVAPPROVETOPAYAMOUNT,NUMBER,,15,245534,1090,1104,,,,,NUMBER,,
3054,1,87,ACCESSFEE,NUMBER,,15,245535,1105,1119,,,,,NUMBER,,
3054,1,88,PROVCUSTOMERAMOUNT,NUMBER,,15,245536,1120,1134,,,,,NUMBER,,
3054,1,89,BILEXCEPTIONAMOUNT,NUMBER,,15,245537,1135,1149,,,,,NUMBER,,
3054,1,90,TOTALAMOUNTPAID,NUMBER,,15,245538,1150,1164,,,,,NUMBER,,
3054,1,91,CONTRACTUALSAVINGS,NUMBER,,15,245539,1165,1179,,,,,NUMBER,,
3054,1,92,BILLDATE,DATE,YYYYMMDD,8,245540,1180,1187,,,,,DATE,,
3054,1,93,INVOICENUMBER,VARCHAR2,,20,245541,1188,1207,,,,,VARCHAR2,,
3054,1,94,INVOICESEQNUMBER,VARCHAR2,,12,245542,1208,1219,,,,,VARCHAR2,,
3054,1,95,BILLINGSTATUS,VARCHAR2,,3,245543,1220,1222,,,,,VARCHAR2,,
3054,1,96,NATIONALDRUGCODE,VARCHAR2,,19,245544,1223,1241,,,,,VARCHAR2,,
3054,1,97,DISPENSEASWRITTENCODE,VARCHAR2,,1,245545,1242,1242,,,,,VARCHAR2,,
3054,1,98,DRUGFORMULARYINDICATOR,VARCHAR2,,1,245546,1243,1243,,,,,VARCHAR2,,
3054,1,99,DRUGMAINTENANCEINDICATOR,VARCHAR2,,1,245547,1244,1244,,,,,VARCHAR2,,
3054,1,100,DRUGPRODUCTNAME,VARCHAR2,,30,245548,1245,1274,,,,,VARCHAR2,,
3054,1,101,DATEPRESCRIPTIONWRITTEN,DATE,YYYYMMDD,8,245549,1275,1282,,,,,DATE,,
3054,1,102,INGREDIENTCOSTAMOUNT,NUMBER,,15,245550,1283,1297,,,,,NUMBER,,
3054,1,103,PHARMACYPROVIDERFEE,VARCHAR2,,1,245551,1298,1298,,,,,VARCHAR2,,
3054,1,104,GENERICPRODUCTCODE,VARCHAR2,,1,245552,1299,1299,,,,,VARCHAR2,,
3054,1,105,SUBMITTEDCHARGE,NUMBER,,15,245553,1300,1314,,,,,NUMBER,,
3054,1,106,DRUGQUANTITYDISPENSEDAMOUNT,NUMBER,,14,245554,1315,1328,,,,,NUMBER,,
3054,1,107,PRESCRIBEDDAYSSUPPLIED,NUMBER,,4,245555,1329,1332,,,,,NUMBER,,
3054,1,108,DRUGDISPENSINGFEEAMOUNT,NUMBER,,15,245556,1333,1347,,,,,NUMBER,,
3054,1,109,PRESCRIPTIONREFILLNUMBER,VARCHAR2,,4,245557,1348,1351,,,,,VARCHAR2,,
3054,1,110,AVERAGEWHOLESALEPRICE,NUMBER,,19,245558,1352,1370,,,,,NUMBER,,
3054,1,112,CLAIMDRUGCOMPOUNDCODE,VARCHAR2,,1,245560,1374,1374,,,,,VARCHAR2,,
3054,1,114,INGREDIENTCOSTPAID,NUMBER,,12,245562,1390,1401,,,,,NUMBER,,
3054,1,115,DRUGSTRENGTH,VARCHAR2,,10,245563,1402,1411,,,,,VARCHAR2,,
3054,1,116,DRUGUNIT,VARCHAR2,,2,245564,1412,1413,,,,,VARCHAR2,,
3054,1,117,DRUGPRESCRIPTION,VARCHAR2,,15,245565,1414,1428,,,,,VARCHAR2,,
3054,1,118,DRUGPRIORAUTHORIZATIONNUMBER,VARCHAR2,,11,245566,1429,1439,,,,,VARCHAR2,,
3054,1,119,REVCODE1,VARCHAR2,,5,245567,1440,1444,,,,,VARCHAR2,,
3054,1,120,REVCODE2,VARCHAR2,,5,245568,1445,1449,,,,,VARCHAR2,,
3054,1,121,REVCODE3,VARCHAR2,,5,245569,1450,1454,,,,,VARCHAR2,,
3054,1,122,REVCODE4,VARCHAR2,,5,245570,1455,1459,,,,,VARCHAR2,,
3054,1,123,REVCODE5,VARCHAR2,,5,245571,1460,1464,,,,,VARCHAR2,,
3054,1,124,REVCODE6,VARCHAR2,,5,245572,1465,1469,,,,,VARCHAR2,,
3054,1,125,REVCODE7,VARCHAR2,,5,245573,1470,1474,,,,,VARCHAR2,,
3054,1,126,REVCODE8,VARCHAR2,,5,245574,1475,1479,,,,,VARCHAR2,,
3054,1,127,REVCODE9,VARCHAR2,,5,245575,1480,1484,,,,,VARCHAR2,,
3054,1,128,REVCODE10,VARCHAR2,,5,245576,1485,1489,,,,,VARCHAR2,,
3054,1,129,REVCODE11,VARCHAR2,,5,245577,1490,1494,,,,,VARCHAR2,,
3054,1,130,REVCODE12,VARCHAR2,,5,245578,1495,1499,,,,,VARCHAR2,,
3054,1,131,REVCODE13,VARCHAR2,,5,245579,1500,1504,,,,,VARCHAR2,,
3054,1,132,REVCODE14,VARCHAR2,,5,245580,1505,1509,,,,,VARCHAR2,,
3054,1,133,REVCODE15,VARCHAR2,,5,245581,1510,1514,,,,,VARCHAR2,,
3054,1,134,REVCODE16,VARCHAR2,,5,245582,1515,1519,,,,,VARCHAR2,,
3054,1,135,REVCODE17,VARCHAR2,,5,245583,1520,1524,,,,,VARCHAR2,,
3054,1,136,REVCODE18,VARCHAR2,,5,245584,1525,1529,,,,,VARCHAR2,,
3054,1,137,REVCODE19,VARCHAR2,,5,245585,1530,1534,,,,,VARCHAR2,,
3054,1,138,REVCODE20,VARCHAR2,,5,245586,1535,1539,,,,,VARCHAR2,,
3054,1,139,SUBMCHARGESREVCODE1,NUMBER,,15,245587,1540,1554,,,,,NUMBER,,
3054,1,140,SUBMCHARGESREVCODE2,NUMBER,,15,245588,1555,1569,,,,,NUMBER,,
3054,1,141,SUBMCHARGESREVCODE3,NUMBER,,15,245589,1570,1584,,,,,NUMBER,,
3054,1,142,SUBMCHARGESREVCODE4,NUMBER,,15,245590,1585,1599,,,,,NUMBER,,
3054,1,143,SUBMCHARGESREVCODE5,NUMBER,,15,245591,1600,1614,,,,,NUMBER,,
3054,1,144,SUBMCHARGESREVCODE6,NUMBER,,15,245592,1615,1629,,,,,NUMBER,,
3054,1,145,SUBMCHARGESREVCODE7,NUMBER,,15,245593,1630,1644,,,,,NUMBER,,
3054,1,146,SUBMCHARGESREVCODE8,NUMBER,,15,245594,1645,1659,,,,,NUMBER,,
3054,1,147,SUBMCHARGESREVCODE9,NUMBER,,15,245595,1660,1674,,,,,NUMBER,,
3054,1,148,SUBMCHARGESREVCODE10,NUMBER,,15,245596,1675,1689,,,,,NUMBER,,
3054,1,149,SUBMCHARGESREVCODE11,NUMBER,,15,245597,1690,1704,,,,,NUMBER,,
3054,1,150,SUBMCHARGESREVCODE12,NUMBER,,15,245598,1705,1719,,,,,NUMBER,,
3054,1,151,SUBMCHARGESREVCODE13,NUMBER,,15,245599,1720,1734,,,,,NUMBER,,
3054,1,152,SUBMCHARGESREVCODE14,NUMBER,,15,245600,1735,1749,,,,,NUMBER,,
3054,1,153,SUBMCHARGESREVCODE15,NUMBER,,15,245601,1750,1764,,,,,NUMBER,,
3054,1,154,SUBMCHARGESREVCODE16,NUMBER,,15,245602,1765,1779,,,,,NUMBER,,
3054,1,155,SUBMCHARGESREVCODE17,NUMBER,,15,245603,1780,1794,,,,,NUMBER,,
3054,1,156,SUBMCHARGESREVCODE18,NUMBER,,15,245604,1795,1809,,,,,NUMBER,,
3054,1,157,SUBMCHARGESREVCODE19,NUMBER,,15,245605,1810,1824,,,,,NUMBER,,
3054,1,158,SUBMCHARGESREVCODE20,NUMBER,,15,245606,1825,1839,,,,,NUMBER,,
3054,1,159,CLIENTNUMBER,VARCHAR2,,6,245607,1840,1845,,,,,VARCHAR2,,
3054,1,160,NUMBEROFUNITS2,NUMBER,,9,245608,1846,1854,,,,,NUMBER,,
3054,1,161,PROVIDERID_BILLINGPROVIDER,VARCHAR2,,20,245609,1855,1874,,,,,VARCHAR2,,
3054,1,162,PROVIDERID_FORMINGPROVIDER,VARCHAR2,,20,245610,1875,1894,,,,,VARCHAR2,,
3054,1,163,COMPCOINSPAIDAMOUNT,NUMBER,,15,245611,1895,1909,,,,,NUMBER,,
3054,1,164,COMPDEDUCTPAIDAMOUNT,NUMBER,,15,245612,1910,1924,,,,,NUMBER,,
3054,1,165,COMPPSYCHIATRICPAIDAMOUNT,NUMBER,,15,245613,1925,1939,,,,,NUMBER,,
3054,1,166,COMPSPECLGRPADJPAIDAMOUNT,NUMBER,,15,245614,1940,1954,,,,,NUMBER,,
3054,1,167,HOLDFORFUTUREUSE,VARCHAR2,,13,245615,1955,1967,,,,,VARCHAR2,,
3054,2,1,TotalAmountPaid,NUMBER,,15,245684,1,15,,,,,NUMBER,,
3054,2,2,NumberOfRecords,NUMBER,,9,245685,16,24,,,,,NUMBER,,
3054,2,3,BillDate,DATE,YYYYMMDD,8,245686,25,32,,,,,DATE,,
3054,2,4,Trailer,VARCHAR2,,7,245687,33,39,,,,,VARCHAR2,,
