LAYOUTID,SUBLAYOUTID,COLUMNID,COLUMNNAME,DATATYPE,DATETYPEDETIAL,FIELDLENGTH,SN,STARTPOS,ENDPOS,UPDATED_BY,FIELDLINENUMBER,FIELDDELIMITER,FIELDPOSITION,CATEGORY,BUSINESSNAME,SEMANTICKEY
789,1,1,ALPHA_TRANS_IND,VARCHAR2,,8,60135,1,8,Rajesh Singh,,,,VARCHAR2,,
789,1,2,GROUP_ID_NUMBER,VARCHAR2,,8,60136,9,16,Rajesh Singh,,,,VARCHAR2,,
789,1,3,ENRL_CERT_NBR,VARCHAR2,,9,60137,17,25,Rajesh Singh,,,,VARCHAR2,,
789,1,4,ENRL_CERT_SUB,VARCHAR2,,10,60138,26,35,Rajesh Singh,,,,VARCHAR2,,
789,1,5,INDIV_SEQ_NBR,VARCHAR2,,10,60139,36,45,Rajesh Singh,,,,VARCHAR2,,
789,1,6,INDIV_LAST_NAME_TEXT,VARCHAR2,,35,60140,46,80,Rajesh Singh,,,,VARCHAR2,,
789,1,7,INDIV_1ST_NAME_TEXT,VARCHAR2,,14,60141,81,94,Rajesh Singh,,,,VARCHAR2,,
789,1,8,CLMT_LAST_NAME_TEXT,VARCHAR2,,35,60142,95,129,Rajesh Singh,,,,VARCHAR2,,
789,1,9,CLMT_1ST_NAME_TEXT,VARCHAR2,,14,60143,130,143,Rajesh Singh,,,,VARCHAR2,,
789,1,10,FMLY_MEMB_SEX_CODE,VARCHAR2,,10,60144,144,153,Rajesh Singh,,,,VARCHAR2,,
789,1,11,CLMT_BIRTH_DATE,DATE,YYYY-MM-DD,10,60145,154,163,Rajesh Singh,,,,DATE,,
789,1,12,DPNT_REL_CODE,VARCHAR2,,3,60146,164,166,Rajesh Singh,,,,VARCHAR2,,
789,1,13,IRS_ID_NUMBER2,VARCHAR2,,9,60147,167,175,Rajesh Singh,,,,VARCHAR2,,
789,1,14,PRVD_NAME_TEXT,VARCHAR2,,35,60148,176,210,Rajesh Singh,,,,VARCHAR2,,
789,1,15,PRVD_POSTAL_LOC_CODE,VARCHAR2,,6,60149,211,216,Rajesh Singh,,,,VARCHAR2,,
789,1,16,PRVD_RPTG_CATG_CODE,VARCHAR2,,10,60150,217,226,Rajesh Singh,,,,VARCHAR2,,
789,1,17,BLNG_IMG_LOC_NBR,VARCHAR2,,11,60151,227,237,Rajesh Singh,,,,VARCHAR2,,
789,1,18,CLMT_PMT_DATE,DATE,YYYY-MM-DD,10,60152,238,247,Rajesh Singh,,,,DATE,,
789,1,19,ADJ_TRANS_CODE,VARCHAR2,,4,60153,248,251,Rajesh Singh,,,,VARCHAR2,,
789,1,20,REVERSAL_TRANS_CODE,VARCHAR2,,10,60154,252,261,Rajesh Singh,,,,VARCHAR2,,
789,1,21,PAYEE_PMT_CODE,VARCHAR2,,10,60155,262,271,Rajesh Singh,,,,VARCHAR2,,
789,1,22,PART_BLNG_AMT,NUMBER,,19,60156,272,290,Rajesh Singh,,,,NUMBER,,
789,1,23,TOTAL_ELIG_AMT,NUMBER,,19,60157,291,309,Rajesh Singh,,,,NUMBER,,
789,1,24,PAYMENT_LOSS_AMOUNT,NUMBER,,19,60158,310,328,Rajesh Singh,,,,NUMBER,,
789,1,25,SERV_PLACE_CODE,VARCHAR2,,10,60159,329,338,Rajesh Singh,,,,VARCHAR2,,
789,1,26,HOSP_CONFINE_DATE,DATE,YYYY-MM-DD,10,60160,339,348,Rajesh Singh,,,,DATE,,
789,1,27,HOSP_DISCHARGE_DATE,DATE,YYYY-MM-DD,10,60161,349,358,Rajesh Singh,,,,DATE,,
789,1,28,COND_CLASS_CODE,VARCHAR2,,10,60162,359,368,Rajesh Singh,,,,VARCHAR2,,
789,1,29,ICD_DIAG_QUAL_CD,VARCHAR2,,3,60163,369,371,Rajesh Singh,,,,VARCHAR2,,
789,1,30,COND_CLASS_CODE2,VARCHAR2,,10,60164,372,381,Rajesh Singh,,,,VARCHAR2,,
789,1,31,ICD_DIAG_QUAL_CD2,VARCHAR2,,3,60165,382,384,Rajesh Singh,,,,VARCHAR2,,
789,1,32,COND_CLASS_CODE3,VARCHAR2,,10,60166,385,394,Rajesh Singh,,,,VARCHAR2,,
789,1,33,ICD_DIAG_QUAL_CD3,VARCHAR2,,3,60167,395,397,Rajesh Singh,,,,VARCHAR2,,
789,1,34,SERV_MED_PRCD_CODE,VARCHAR2,,10,60168,398,407,Rajesh Singh,,,,VARCHAR2,,
789,1,35,MOD_UC_BASE_CODE,VARCHAR2,,3,60169,408,410,Rajesh Singh,,,,VARCHAR2,,
789,1,36,EMERG_SERV_IND,VARCHAR2,,10,60170,411,420,Rajesh Singh,,,,VARCHAR2,,
789,1,37,SERV_RECVD_DT,DATE,YYYY-MM-DD,10,60171,421,430,Rajesh Singh,,,,DATE,,
789,1,38,SERV_TYPE_CODE,VARCHAR2,,10,60172,431,440,Rajesh Singh,,,,VARCHAR2,,
789,1,39,SERVICE_OCCUR_COUNT,NUMBER,,19,60173,441,446,Rajesh Singh,,,,NUMBER,,
789,1,40,INSD_NAME_TEXT,VARCHAR2,,35,60174,447,481,Rajesh Singh,,,,VARCHAR2,,
789,1,41,POLICY_ID_NUMBER,VARCHAR2,,12,60175,482,493,Rajesh Singh,,,,VARCHAR2,,
789,1,42,GRP_LOCATION_CODE,VARCHAR2,,4,60176,494,497,Rajesh Singh,,,,VARCHAR2,,
789,1,53,BIV041_SYS_PRVD_ID_CODE,VARCHAR2,,9,60187,578,586,Rajesh Singh,,,,VARCHAR2,,
789,1,54,CLM_PMT_CHECK_NBR,VARCHAR2,,10,60188,587,596,Rajesh Singh,,,,VARCHAR2,,
789,1,55,SCHED_CLASS_CODE,VARCHAR2,,10,60189,597,606,Rajesh Singh,,,,VARCHAR2,,
789,1,56,HLTH_ORGN_PRVD_CODE,VARCHAR2,,10,60190,607,616,Rajesh Singh,,,,VARCHAR2,,
789,1,57,HEALTH_ORGN_ID_CODE,VARCHAR2,,4,60191,617,620,Rajesh Singh,,,,VARCHAR2,,
789,1,59,STAT_CLASS_CODE,VARCHAR2,,3,60193,634,636,Rajesh Singh,,,,VARCHAR2,,
789,1,60,PRVD_STATE_TEXT,VARCHAR2,,10,60194,637,646,Rajesh Singh,,,,VARCHAR2,,
789,1,61,HOSP_RVNU_CODE,VARCHAR2,,4,60195,647,650,Rajesh Singh,,,,VARCHAR2,,
789,1,62,SERV_SEQ_NBR,VARCHAR2,,10,60196,651,660,Rajesh Singh,,,,VARCHAR2,,
789,1,63,DOC_SEQ_NBR,VARCHAR2,,4,60197,661,664,Rajesh Singh,,,,VARCHAR2,,
789,1,64,SEQUENCE_TRANS_NBR4,VARCHAR2,,4,60198,665,668,Rajesh Singh,,,,VARCHAR2,,
789,1,65,PRVD_SPCLTY_CODE,VARCHAR2,,3,60199,669,671,Rajesh Singh,,,,VARCHAR2,,
789,1,66,BLNG_NM,VARCHAR2,,35,60200,672,706,Rajesh Singh,,,,VARCHAR2,,
789,1,67,BLNG_PSTL_LOC_CD,VARCHAR2,,6,60201,707,712,Rajesh Singh,,,,VARCHAR2,,
789,1,69,ID_CARD_VALUE,VARCHAR2,,35,60203,723,757,Rajesh Singh,,,,VARCHAR2,,
789,1,70,ASSGN_SUBSCR_NBR,VARCHAR2,,8,60204,758,765,Rajesh Singh,,,,VARCHAR2,,
789,1,71,SOC_SECURITY_CD,VARCHAR2,,9,60205,766,774,Rajesh Singh,,,,VARCHAR2,,
789,1,72,PRINT_CNTL_CD,VARCHAR2,,10,60206,775,784,Rajesh Singh,,,,VARCHAR2,,
789,1,74,COST_GRP_NBR,VARCHAR2,,10,60208,795,804,Rajesh Singh,,,,VARCHAR2,,
789,1,75,RPTG_SUBU_CODE,VARCHAR2,,4,60209,805,808,Rajesh Singh,,,,VARCHAR2,,
789,1,76,SPECL_PROC_IND,VARCHAR2,,10,60210,809,818,Rajesh Singh,,,,VARCHAR2,,
789,1,77,PAYMENT_KIND_CODE,VARCHAR2,,10,60211,819,828,Rajesh Singh,,,,VARCHAR2,,
789,1,78,PRVD_RPOF_TITLE_TEXT,VARCHAR2,,4,60212,829,832,Rajesh Singh,,,,VARCHAR2,,
789,1,80,NTWK_RPVD_IND,VARCHAR2,,10,60214,843,852,Rajesh Singh,,,,VARCHAR2,,
789,1,81,NTWK_BNFIT_IND,VARCHAR2,,10,60215,853,862,Rajesh Singh,,,,VARCHAR2,,
789,1,82,RCYCL_IND,VARCHAR2,,10,60216,863,872,Rajesh Singh,,,,VARCHAR2,,
789,1,83,CHECK_REASON_CODE,VARCHAR2,,4,60217,873,876,Rajesh Singh,,,,VARCHAR2,,
789,1,84,LAST_PMT_DATE,DATE,YYYY-MM-DD,10,60218,877,886,Rajesh Singh,,,,DATE,,
789,1,85,CARE_SYS_FEE_AMT,NUMBER,,19,60219,887,905,Rajesh Singh,,,,NUMBER,,
789,1,86,MOD_REDUC_AMT,NUMBER,,19,60220,906,924,Rajesh Singh,,,,NUMBER,,
789,1,87,SPCL_CUST_TXT,VARCHAR2,,15,60221,925,939,Rajesh Singh,,,,VARCHAR2,,
789,1,88,SPCL_CUST_TXT2,VARCHAR2,,15,60222,940,954,Rajesh Singh,,,,VARCHAR2,,
789,1,89,SPCL_CUST_TXT3,VARCHAR2,,15,60223,955,969,Rajesh Singh,,,,VARCHAR2,,
789,1,90,SPCL_CUST_TXT4,VARCHAR2,,15,60224,970,984,Rajesh Singh,,,,VARCHAR2,,
789,1,91,SPCL_CUST_TXT5,VARCHAR2,,15,60225,985,999,Rajesh Singh,,,,VARCHAR2,,
789,1,92,SPCL_CUST_TXT6,VARCHAR2,,15,60226,1000,1014,Rajesh Singh,,,,VARCHAR2,,
789,1,93,SPCL_CUST_TXT7,VARCHAR2,,15,60227,1015,1029,Rajesh Singh,,,,VARCHAR2,,
789,1,94,OTH_INS_TYPE_CODE,VARCHAR2,,10,60228,1030,1039,Rajesh Singh,,,,VARCHAR2,,
789,1,95,WORK_SITE_LOC_CD,VARCHAR2,,15,60229,1040,1054,Rajesh Singh,,,,VARCHAR2,,
789,1,96,GRP_EMPE_NBR,VARCHAR2,,12,60230,1055,1066,Rajesh Singh,,,,VARCHAR2,,
789,1,97,DEDUCT_AMT,NUMBER,,19,60231,1067,1085,Rajesh Singh,,,,NUMBER,,
789,1,98,COPMT_AMT,NUMBER,,19,60232,1086,1104,Rajesh Singh,,,,NUMBER,,
789,1,99,COINS_AMT,NUMBER,,19,60233,1105,1123,Rajesh Singh,,,,NUMBER,,
789,1,100,COB_AMT,NUMBER,,19,60234,1124,1142,Rajesh Singh,,,,NUMBER,,
789,1,101,SUBR_PMT_AMT,NUMBER,,19,60235,1143,1161,Rajesh Singh,,,,NUMBER,,
789,1,102,HRA_PAID_AMT,NUMBER,,19,60236,1162,1180,Rajesh Singh,,,,NUMBER,,
789,1,103,HRA_DEDUC_AMT,NUMBER,,19,60237,1181,1199,Rajesh Singh,,,,NUMBER,,
789,1,104,BILL_TYPE_CODE,VARCHAR2,,10,60238,1200,1209,Rajesh Singh,,,,VARCHAR2,,
789,1,105,OTH_INS_PAID_AMOUNT,NUMBER,,19,60239,1210,1228,Rajesh Singh,,,,NUMBER,,
789,1,106,POSTAL_LOC_CODE,VARCHAR2,,6,60240,1229,1234,Rajesh Singh,,,,VARCHAR2,,
789,1,107,BC_SERV_DEDUCT_AMT,NUMBER,,19,60241,1235,1253,Rajesh Singh,,,,NUMBER,,
789,1,108,SECD_HLTH_ORGN_ID,VARCHAR2,,4,60242,1254,1257,Rajesh Singh,,,,VARCHAR2,,
789,1,109,TPA_CD,VARCHAR2,,10,60243,1258,1267,Rajesh Singh,,,,VARCHAR2,,
789,1,110,NPI_NBR,VARCHAR2,,10,60244,1268,1277,Rajesh Singh,,,,VARCHAR2,,
789,1,111,ALT_BNFIT_CALC_IND,VARCHAR2,,10,60245,1278,1287,Rajesh Singh,,,,VARCHAR2,,
789,1,112,CLMT_PRVD_ACCT_NBR,VARCHAR2,,17,60246,1288,1304,Rajesh Singh,,,,VARCHAR2,,
789,1,113,BLNG_ADDR,VARCHAR2,,40,60247,1305,1344,Rajesh Singh,,,,VARCHAR2,,
789,1,114,BLNG_ADDR2,VARCHAR2,,40,60248,1345,1384,Rajesh Singh,,,,VARCHAR2,,
789,1,115,BLNG_CITY_NM,VARCHAR2,,35,60249,1385,1419,Rajesh Singh,,,,VARCHAR2,,
789,1,116,MEMO_INFO_TEXT1,VARCHAR2,,38,60250,1420,1457,Rajesh Singh,,,,VARCHAR2,,
789,1,68,BLNG_ST_CD,VARCHAR2,,10,60202,713,722,Rajesh Singh,,,,VARCHAR2,,
789,1,73,HIGH_COST_GRP_NBR,VARCHAR2,,10,60207,785,794,Rajesh Singh,,,,VARCHAR2,,
789,1,79,ASSGN_TIER_CD,VARCHAR2,,10,60213,833,842,Rajesh Singh,,,,VARCHAR2,,
