LAYOUTID,SUBLAYOUTID,COLUMNID,COLUMNNAME,DATATYPE,DATETYPEDETIAL,FIELDLENGTH,SN,STARTPOS,ENDPOS,UPDATED_BY,FIELDLINENUMBER,FIELDDELIMITER,FIELDPOSITION,CATEGORY,BUSINESSNAME,SEMANTICKEY
393,1,1,Adjustment_Type_Code,VARCHAR2,,4,30123,1,4,,,,,VARCHAR2,,
393,1,2,Allowed_Amount,NUMBER,,10,30124,5,14,,,,,NUMBER,,20
393,1,3,Bill_Type_Code_UB,VARCHAR2,,4,30125,15,18,,,,,VARCHAR2,,51
393,1,4,Capitated_Service_Indicator,VARCHAR2,,4,30126,19,22,,,,,VARCHAR2,,
393,1,5,Covered_Charges,NUMBER,,10,30127,23,32,,,,,NUMBER,,21
393,1,6,Claim_ID,VARCHAR2,,18,30128,33,50,,,,,VARCHAR2,,25
393,1,7,CoInsurance,NUMBER,,10,30129,51,60,,,,,NUMBER,,27
393,1,8,Copayment,NUMBER,,10,30130,61,70,,,,,NUMBER,,28
393,1,9,Date_of_Birth,DATE,MM/DD/RRRR,10,30131,71,80,,,,,DATE,,
393,1,10,Date_of_First_Service,DATE,MM/DD/RRRR,10,30132,81,90,,,,,DATE,,47
393,1,11,Date_of_Last_Service,DATE,MM/DD/RRRR,10,30133,91,100,,,,,DATE,,
393,1,12,Date_Paid,DATE,MM/DD/RRRR,10,30134,101,110,,,,,DATE,,39
393,1,13,Days,NUMBER,,6,30135,111,116,,,,,NUMBER,,
393,1,14,Deductible,NUMBER,,10,30136,117,126,,,,,NUMBER,,29
393,1,15,Diagnosis_Code_Principal,VARCHAR2,,8,30137,127,134,,,,,VARCHAR2,,
393,1,16,Diagnosis_Code_2_UB,VARCHAR2,,8,30138,135,142,,,,,VARCHAR2,,
393,1,17,Diagnosis_Code_3_UB,VARCHAR2,,8,30139,143,150,,,,,VARCHAR2,,
393,1,18,Diagnosis_Code_4_UB,VARCHAR2,,8,30140,151,158,,,,,VARCHAR2,,
393,1,19,Diagnosis_Code_5_UB,VARCHAR2,,8,30141,159,166,,,,,VARCHAR2,,
393,1,20,Diagnosis_Code_6_UB,VARCHAR2,,8,30142,167,174,,,,,VARCHAR2,,
393,1,21,Diagnosis_Code_7_UB,VARCHAR2,,8,30143,175,182,,,,,VARCHAR2,,
393,1,22,Diagnosis_Code_8_UB,VARCHAR2,,8,30144,183,190,,,,,VARCHAR2,,
393,1,23,Diagnosis_Code_9_UB,VARCHAR2,,8,30145,191,198,,,,,VARCHAR2,,
393,1,24,Diagnosis_Code_10_UB,VARCHAR2,,8,30146,199,206,,,,,VARCHAR2,,
393,1,25,Diagnosis_Code_11_UB,VARCHAR2,,8,30147,207,214,,,,,VARCHAR2,,
393,1,26,Diagnosis_Code_12_UB,VARCHAR2,,8,30148,215,222,,,,,VARCHAR2,,
393,1,27,Diagnosis_Code_13_UB,VARCHAR2,,8,30149,223,230,,,,,VARCHAR2,,
393,1,28,Diagnosis_Code_14_UB,VARCHAR2,,8,30150,231,238,,,,,VARCHAR2,,
393,1,29,Diagnosis_Code_15_UB,VARCHAR2,,8,30151,239,246,,,,,VARCHAR2,,
393,1,30,Diagnosis_Code_16_UB,VARCHAR2,,8,30152,247,254,,,,,VARCHAR2,,
393,1,31,Diagnosis_Code_17_UB,VARCHAR2,,8,30153,255,262,,,,,VARCHAR2,,
393,1,32,Diagnosis_Code_18_UB,VARCHAR2,,8,30154,263,270,,,,,VARCHAR2,,
393,1,33,Diagnosis_Code_19_UB,VARCHAR2,,8,30155,271,278,,,,,VARCHAR2,,
393,1,34,Diagnosis_Code_20_UB,VARCHAR2,,8,30156,279,286,,,,,VARCHAR2,,
393,1,35,Diagnosis_Code_21_UB,VARCHAR2,,8,30157,287,294,,,,,VARCHAR2,,
393,1,38,Diagnosis_Code_24_UB,VARCHAR2,,8,30160,311,318,,,,,VARCHAR2,,
393,1,39,Diagnosis_Code_25_UB,VARCHAR2,,8,30161,319,326,,,,,VARCHAR2,,
393,1,40,Discharge_Status_Code_UB,NUMBER,,4,30162,327,330,,,,,NUMBER,,31
393,1,41,Employee_SSN,VARCHAR2,,9,30163,331,339,,,,,VARCHAR2,,
393,1,42,Gender,VARCHAR2,,1,30164,340,340,,,,,VARCHAR2,,
393,1,43,Line_Number,NUMBER,,2,30165,341,342,,,,,NUMBER,,
393,1,44,Net_Payment,NUMBER,,10,30166,343,352,,,,,NUMBER,,38
393,1,45,Network_Paid_Indicator,VARCHAR2,,1,30167,353,353,,,,,VARCHAR2,,
393,1,46,Network_Provider_Indicator,VARCHAR2,,1,30168,354,354,,,,,VARCHAR2,,
393,1,47,PCP_Responsibility_Indicator,VARCHAR2,,1,30169,355,355,,,,,VARCHAR2,,
393,1,48,Place_of_Service_Code,VARCHAR2,,2,30170,356,357,,,,,VARCHAR2,,40
393,1,49,Procedure_Code,VARCHAR2,,7,30171,358,364,,,,,VARCHAR2,,
393,1,50,Procedure_Code_UB_Surg_1,VARCHAR2,,7,30172,365,371,,,,,VARCHAR2,,
393,1,51,Procedure_Code_UB_Surg_2,VARCHAR2,,7,30173,372,378,,,,,VARCHAR2,,
393,1,52,Procedure_Code_UB_Surg_3,VARCHAR2,,7,30174,379,385,,,,,VARCHAR2,,
393,1,53,Procedure_Code_UB_Surg_4,VARCHAR2,,7,30175,386,392,,,,,VARCHAR2,,
393,1,54,Procedure_Code_UB_Surg_5,VARCHAR2,,7,30176,393,399,,,,,VARCHAR2,,
393,1,55,Procedure_Code_UB_Surg_6,VARCHAR2,,7,30177,400,406,,,,,VARCHAR2,,
393,1,56,Procedure_Code_UB_Surg_7,VARCHAR2,,7,30178,407,413,,,,,VARCHAR2,,
393,1,57,Procedure_Code_UB_Surg_8,VARCHAR2,,7,30179,414,420,,,,,VARCHAR2,,
393,1,58,Procedure_Code_UB_Surg_9,VARCHAR2,,7,30180,421,427,,,,,VARCHAR2,,
393,1,59,Procedure_Code_UB_Surg_10,VARCHAR2,,7,30181,428,434,,,,,VARCHAR2,,
393,1,60,Procedure_Code_UB_Surg_11,VARCHAR2,,7,30182,435,441,,,,,VARCHAR2,,
393,1,61,Procedure_Code_UB_Surg_12,VARCHAR2,,7,30183,442,448,,,,,VARCHAR2,,
393,1,62,Procedure_Code_UB_Surg_13,VARCHAR2,,7,30184,449,455,,,,,VARCHAR2,,
393,1,63,Procedure_Code_UB_Surg_14,VARCHAR2,,7,30185,456,462,,,,,VARCHAR2,,
393,1,64,Procedure_Code_UB_Surg_15,VARCHAR2,,7,30186,463,469,,,,,VARCHAR2,,
393,1,65,Procedure_Code_UB_Surg_16,VARCHAR2,,7,30187,470,476,,,,,VARCHAR2,,
393,1,66,Procedure_Code_UB_Surg_17,VARCHAR2,,7,30188,477,483,,,,,VARCHAR2,,
393,1,67,Procedure_Code_UB_Surg_18,VARCHAR2,,7,30189,484,490,,,,,VARCHAR2,,
393,1,68,Procedure_Code_UB_Surg_19,VARCHAR2,,7,30190,491,497,,,,,VARCHAR2,,
393,1,69,Procedure_Code_UB_Surg_20,VARCHAR2,,7,30191,498,504,,,,,VARCHAR2,,
393,1,70,Procedure_Code_UB_Surg_21,VARCHAR2,,7,30192,505,511,,,,,VARCHAR2,,
393,1,71,Procedure_Code_UB_Surg_22,VARCHAR2,,7,30193,512,518,,,,,VARCHAR2,,
393,1,72,Procedure_Code_UB_Surg_23,VARCHAR2,,7,30194,519,525,,,,,VARCHAR2,,
393,1,73,Procedure_Code_UB_Surg_24,VARCHAR2,,7,30195,526,532,,,,,VARCHAR2,,
393,1,74,Procedure_Code_UB_Surg_25,VARCHAR2,,7,30196,533,539,,,,,VARCHAR2,,
393,1,75,Procedure_Modifier_Code_1,VARCHAR2,,2,30197,540,541,,,,,VARCHAR2,,
393,1,76,Servicing_Provider_ID,VARCHAR2,,9,30198,542,550,,,,,VARCHAR2,,
393,1,77,Provider_Type_Code_Claim,VARCHAR2,,6,30199,551,556,,,,,VARCHAR2,,
393,1,78,Revenue_Code_UB,VARCHAR2,,4,30200,557,560,,,,,VARCHAR2,,46
393,1,79,Third_Party_Amount,NUMBER,,10,30201,561,570,,,,,NUMBER,,
393,1,80,Units_of_Service,NUMBER,,4,30202,571,574,,,,,NUMBER,,
393,1,81,Servicing_Provider_Name,VARCHAR2,,30,30203,575,604,,,,,VARCHAR2,,
393,1,82,Servicing_Provider_NPI,VARCHAR2,,10,30204,605,614,,,,,VARCHAR2,,43
393,1,83,Servicing_Provider_City,VARCHAR2,,50,30205,615,664,,,,,VARCHAR2,,
393,1,84,Servicing_Provider_State,VARCHAR2,,2,30206,665,666,,,,,VARCHAR2,,
393,1,85,Servicing_Provider_Zip_Code,NUMBER,,10,30207,667,676,,,,,NUMBER,,
393,1,86,Servicing_Provider_Address_1,VARCHAR2,,50,30208,677,726,,,,,VARCHAR2,,
393,1,87,Servicing_Provider_Address_2,VARCHAR2,,50,30209,727,776,,,,,VARCHAR2,,
393,1,88,Present_on_Admission_Principal,VARCHAR2,,1,30210,777,777,,,,,VARCHAR2,,
393,1,89,Present_on_Admission_02,VARCHAR2,,1,30211,778,778,,,,,VARCHAR2,,
393,1,90,Present_on_Admission_03,VARCHAR2,,1,30212,779,779,,,,,VARCHAR2,,
393,1,91,Present_on_Admission_04,VARCHAR2,,1,30213,780,780,,,,,VARCHAR2,,
393,1,92,Present_on_Admission_05,VARCHAR2,,1,30214,781,781,,,,,VARCHAR2,,
393,1,93,Present_on_Admission_06,VARCHAR2,,1,30215,782,782,,,,,VARCHAR2,,
393,1,94,Present_on_Admission_07,VARCHAR2,,1,30216,783,783,,,,,VARCHAR2,,
393,1,95,Present_on_Admission_08,VARCHAR2,,1,30217,784,784,,,,,VARCHAR2,,
393,1,96,Present_on_Admission_09,VARCHAR2,,1,30218,785,785,,,,,VARCHAR2,,
393,1,97,Present_on_Admission_10,VARCHAR2,,1,30219,786,786,,,,,VARCHAR2,,
393,1,98,Present_on_Admission_11,VARCHAR2,,1,30220,787,787,,,,,VARCHAR2,,
393,1,99,Present_on_Admission_12,VARCHAR2,,1,30221,788,788,,,,,VARCHAR2,,
393,1,36,Diagnosis_Code_22_UB,VARCHAR2,,8,30158,295,302,,,,,VARCHAR2,,
393,1,37,Diagnosis_Code_23_UB,VARCHAR2,,8,30159,303,310,,,,,VARCHAR2,,
393,1,100,Present_on_Admission_13,VARCHAR2,,1,30222,789,789,,,,,VARCHAR2,,
393,1,101,Present_on_Admission_14,VARCHAR2,,1,30223,790,790,,,,,VARCHAR2,,
393,1,102,Present_on_Admission_15,VARCHAR2,,1,30224,791,791,,,,,VARCHAR2,,
393,1,103,Present_on_Admission_16,VARCHAR2,,1,30225,792,792,,,,,VARCHAR2,,
393,1,104,Present_on_Admission_17,VARCHAR2,,1,30226,793,793,,,,,VARCHAR2,,
393,1,105,Present_on_Admission_18,VARCHAR2,,1,30227,794,794,,,,,VARCHAR2,,
393,1,106,Present_on_Admission_19,VARCHAR2,,1,30228,795,795,,,,,VARCHAR2,,
393,1,107,Present_on_Admission_20,VARCHAR2,,1,30229,796,796,,,,,VARCHAR2,,
393,1,108,Present_on_Admission_21,VARCHAR2,,1,30230,797,797,,,,,VARCHAR2,,
393,1,109,Present_on_Admission_22,VARCHAR2,,1,30231,798,798,,,,,VARCHAR2,,
393,1,110,Present_on_Admission_23,VARCHAR2,,1,30232,799,799,,,,,VARCHAR2,,
393,1,111,Present_on_Admission_24,VARCHAR2,,1,30233,800,800,,,,,VARCHAR2,,
393,1,112,Present_on_Admission_25,VARCHAR2,,1,30234,801,801,,,,,VARCHAR2,,
393,1,113,ICD_Version,VARCHAR2,,1,30235,802,802,,,,,VARCHAR2,,
393,1,114,Original_Claim_Number,VARCHAR2,,18,30236,803,820,,,,,VARCHAR2,,
393,1,115,Adjustment_Code,VARCHAR2,,3,30237,821,823,,,,,VARCHAR2,,
393,1,116,Group_ID,VARCHAR2,,12,30238,824,835,,,,,VARCHAR2,,
393,1,117,SubGroup_ID,VARCHAR2,,4,30239,836,839,,,,,VARCHAR2,,
393,1,118,Provider_Specialty,VARCHAR2,,6,30240,840,845,,,,,VARCHAR2,,49
393,1,119,HAP_Member_ID,VARCHAR2,,12,30241,846,857,,,,,VARCHAR2,,
393,1,120,Member_First_Name,VARCHAR2,,50,30242,858,907,,,,,VARCHAR2,,
393,1,121,Member_Last_Name,VARCHAR2,,50,30243,908,957,,,,,VARCHAR2,,
393,1,122,Financial_DRG,VARCHAR2,,6,30244,958,963,,,,,VARCHAR2,,32
393,1,123,Record_Type,VARCHAR2,,1,30245,964,964,,,,,VARCHAR2,,
393,2,1,Data_Start_Date,DATE,MM/DD/RRRR,10,30246,1,10,,,,,DATE,,
393,2,2,Data_End_Date,DATE,MM/DD/RRRR,10,30247,11,20,,,,,DATE,,
393,2,3,Record_Count,NUMBER,,9,30248,21,30,Aadesh Neupane,,,,NUMBER,,
393,2,4,Total_Net_Payments,NUMBER,,13,30249,31,44,Aadesh Neupane,,,,NUMBER,,
393,2,6,Record_Type,VARCHAR2,,1,30251,964,964,,,,,VARCHAR2,,
