LAYOUTID,SUBLAYOUTID,COLUMNID,COLUMNNAME,DATATYPE,DATETYPEDETIAL,FIELDLENGTH,SN,STARTPOS,ENDPOS,UPDATED_BY,FIELDLINENUMBER,FIELDDELIMITER,FIELDPOSITION,CATEGORY,BUSINESSNAME,SEMANTICKEY
379,1,44,PresDenialClarification,VARCHAR2,,2,28781,322,323,,,,,VARCHAR2,,
379,1,45,PrimaryPrescriber,VARCHAR2,,10,28782,324,333,,,,,VARCHAR2,,
379,1,46,ClinicID,VARCHAR2,,5,28783,334,338,,,,,VARCHAR2,,
379,1,47,DrugType,VARCHAR2,,1,28784,339,339,,,,,VARCHAR2,,
379,1,48,PrescriberLastnm,VARCHAR2,,15,28785,340,354,,,,,VARCHAR2,,
379,1,49,PostageAmtClaimed,VARCHAR2,,4,28786,355,358,,,,,VARCHAR2,,
379,1,50,UnitDoseIndicator,VARCHAR2,,1,28787,359,359,,,,,VARCHAR2,,
379,1,51,OtherPayorAmt,NUMBER,,9,28788,360,368,,,,,NUMBER,,
379,1,52,BasisDaysSupplyDetermination,VARCHAR2,,1,28789,369,369,,,,,VARCHAR2,,
379,1,53,FullAWP,NUMBER,,9,28790,370,378,,,,,NUMBER,,
379,1,54,ExpansionArea,VARCHAR2,,1,28791,379,379,,,,,VARCHAR2,,
379,1,55,MasterCarrier,VARCHAR2,,4,28792,380,383,,,,,VARCHAR2,,
379,1,56,Sub_Carrier,VARCHAR2,,4,28793,384,387,,,,,VARCHAR2,,
379,1,57,ClaimType,VARCHAR2,,1,28794,388,388,,,,,VARCHAR2,,
379,1,58,ESISubGroup,VARCHAR2,,20,28795,389,408,,,,,VARCHAR2,,
379,1,59,PlanDesignator,VARCHAR2,,1,28796,409,409,,,,,VARCHAR2,,
379,1,60,AdjudicationDate,DATE,YYYYMMDD,8,28797,410,417,,,,,DATE,,
379,1,61,AdminFee,NUMBER,,9,28798,418,426,,,,,NUMBER,,
379,1,62,CapAmt,NUMBER,,9,28799,427,435,,,,,NUMBER,,
379,1,63,IngredientCostSub,NUMBER,,9,28800,436,444,,,,,NUMBER,,
379,1,64,MemberNonCopayAmt,NUMBER,,9,28801,445,453,,,,,NUMBER,,
379,1,65,MemberPayCode,VARCHAR2,,2,28802,454,455,,,,,VARCHAR2,,
379,1,66,IncentiveFee,NUMBER,,8,28803,456,463,,,,,NUMBER,,
379,1,67,ClaimAdjustmentAmt,NUMBER,,6,28804,464,469,,,,,NUMBER,,
379,1,68,ClaimAdjustmentCode,VARCHAR2,,2,28805,470,471,,,,,VARCHAR2,,
379,1,69,FormularyFlag,VARCHAR2,,1,28806,472,472,,,,,VARCHAR2,,
379,1,70,GCN,VARCHAR2,,14,28807,473,486,,,,,VARCHAR2,,
379,1,71,TherapeuticclassAHFS,VARCHAR2,,6,28808,487,492,,,,,VARCHAR2,,
379,1,72,Pharmacyype,VARCHAR2,,1,28809,493,493,,,,,VARCHAR2,,
379,1,73,BilledBasisCode,VARCHAR2,,2,28810,494,495,,,,,VARCHAR2,,
379,1,74,UsualNCustomaryCharge,NUMBER,,9,28811,496,504,,,,,NUMBER,,
379,1,75,PaidDate,DATE,YYYYMMDD,8,28812,505,512,,,,,DATE,,
379,1,76,BenefitCode,VARCHAR2,,10,28813,513,522,,,,,VARCHAR2,,
379,1,77,DrugStrength,VARCHAR2,,10,28814,523,532,,,,,VARCHAR2,,
379,1,78,OriginalMember,VARCHAR2,,2,28815,533,534,,,,,VARCHAR2,,
379,1,79,DateofInjury,DATE,YYYYMMDD,8,28816,535,542,,,,,DATE,,
379,1,80,FeeAmt,NUMBER,,9,28817,543,551,,,,,NUMBER,,
379,1,81,ESIReferenceNum,VARCHAR2,,14,28818,552,565,,,,,VARCHAR2,,
379,1,82,ClientClaimId,VARCHAR2,,20,28819,566,585,,,,,VARCHAR2,,
379,1,83,PlanType,VARCHAR2,,10,28820,586,595,,,,,VARCHAR2,,
379,1,84,ESIAdjudicationReferenceNum,VARCHAR2,,9,28821,596,604,,,,,VARCHAR2,,
379,1,85,ESIAncillaryAmt,NUMBER,,9,28822,605,613,,,,,NUMBER,,
379,1,86,ESIClientGeneralPurposeArea,VARCHAR2,,40,28823,614,653,,,,,VARCHAR2,,
379,1,87,PartialFillStatusCode,VARCHAR2,,1,28824,654,654,,,,,VARCHAR2,,
379,1,88,ESIBillingDate,DATE,YYYYMMDD,8,28825,655,662,,,,,DATE,,
379,1,89,FSAVendorCode,VARCHAR2,,2,28826,663,664,,,,,VARCHAR2,,
379,1,90,PICADrugCode,VARCHAR2,,1,28827,665,665,,,,,VARCHAR2,,
379,1,91,AmtClaimed,NUMBER,,9,28828,666,674,,,,,NUMBER,,
379,1,92,AmtDisallowed,NUMBER,,9,28829,675,683,,,,,NUMBER,,
379,1,93,FederalDrugClassCode,VARCHAR2,,1,28830,684,684,,,,,VARCHAR2,,
379,1,94,DeductibleAmt,NUMBER,,9,28831,685,693,,,,,NUMBER,,
379,1,95,BenefitCopay,VARCHAR2,,1,28832,694,694,,,,,VARCHAR2,,
379,1,96,ClaimProcessType,VARCHAR2,,1,28833,695,695,,,,,VARCHAR2,,
379,1,97,CopayTierLevelNum,NUMBER,,4,28834,696,699,,,,,NUMBER,,
379,1,98,SubmissionType,VARCHAR2,,1,28835,700,700,,,,,VARCHAR2,,
379,1,1,RecordIdentifier,VARCHAR2,,1,28738,1,1,,,,,VARCHAR2,,
379,1,2,ProcessorNum,VARCHAR2,,10,28739,2,11,,,,,VARCHAR2,,
379,1,3,BatchNum,VARCHAR2,,5,28740,12,16,,,,,VARCHAR2,,
379,1,4,PharmacyNum,VARCHAR2,,15,28741,17,31,,,,,VARCHAR2,,
379,1,5,PrescriptionNum,VARCHAR2,,9,28742,32,40,,,,,VARCHAR2,,
379,1,6,DateFilled,DATE,YYYYMMDD,8,28743,41,48,,,,,DATE,,
379,1,7,NDC,VARCHAR2,,11,28744,49,59,,,,,VARCHAR2,,
379,1,8,DrugDesc,VARCHAR2,,30,28745,60,89,,,,,VARCHAR2,,
379,1,9,NewRefillCode,VARCHAR2,,2,28746,90,91,,,,,VARCHAR2,,
379,1,10,MetricQuantity,VARCHAR2,,10,28747,92,101,,,,,VARCHAR2,,
379,1,11,DAYSSUPPLY,VARCHAR2,,3,28748,102,104,,,,,VARCHAR2,,
379,1,12,BasisofCostDetermination,VARCHAR2,,2,28749,105,106,,,,,VARCHAR2,,
379,1,13,IngredientCost,NUMBER,,9,28750,107,115,,,,,NUMBER,,
379,1,14,DispensingFee,NUMBER,,9,28751,116,124,,,,,NUMBER,,
379,1,15,CoPayAmt,NUMBER,,9,28752,125,133,,,,,NUMBER,,
379,1,16,SALESTAX,NUMBER,,8,28753,134,141,,,,,NUMBER,,
379,1,17,AmtBilled,NUMBER,,9,28754,142,150,,,,,NUMBER,,
379,1,18,PatientFirstNm,VARCHAR2,,12,28755,151,162,,,,,VARCHAR2,,
379,1,19,PatientLastNm,VARCHAR2,,15,28756,163,177,,,,,VARCHAR2,,
379,1,20,DOB,DATE,YYYYMMDD,8,28757,178,185,,,,,DATE,,
379,1,21,Sex,VARCHAR2,,1,28758,186,186,,,,,VARCHAR2,,
379,1,22,CardholderID,VARCHAR2,,18,28759,187,204,,,,,VARCHAR2,,
379,1,23,RelationshipCode,VARCHAR2,,1,28760,205,205,,,,,VARCHAR2,,
379,1,24,GroupNum,VARCHAR2,,18,28761,206,223,,,,,VARCHAR2,,
379,1,25,HomePlan,VARCHAR2,,3,28762,224,226,,,,,VARCHAR2,,
379,1,26,HostPlan,VARCHAR2,,3,28763,227,229,,,,,VARCHAR2,,
379,1,27,PrescriberID,VARCHAR2,,15,28764,230,244,,,,,VARCHAR2,,
379,1,28,DiagnosisCode,VARCHAR2,,6,28765,245,250,,,,,VARCHAR2,,
379,1,29,CardholderFirstnm,VARCHAR2,,12,28766,251,262,,,,,VARCHAR2,,
379,1,30,CardholderLastNM,VARCHAR2,,15,28767,263,277,,,,,VARCHAR2,,
379,1,31,PriorAuth_MedCode,VARCHAR2,,12,28768,278,289,,,,,VARCHAR2,,
379,1,32,PAMCSCNum,VARCHAR2,,7,28769,290,296,,,,,VARCHAR2,,
379,1,33,CustomerLocation,VARCHAR2,,2,28770,297,298,,,,,VARCHAR2,,
379,1,34,ResubmissionCycleCNt,VARCHAR2,,2,28771,299,300,,,,,VARCHAR2,,
379,1,35,DatePrescriptionWritten,DATE,YYYYMMDD,8,28772,301,308,,,,,DATE,,
379,1,36,DAW_ProdSelectionCode,VARCHAR2,,1,28773,309,309,,,,,VARCHAR2,,
379,1,37,PersonCode,VARCHAR2,,3,28774,310,312,,,,,VARCHAR2,,
379,1,38,OtherCoverageCode,VARCHAR2,,2,28775,313,314,,,,,VARCHAR2,,
379,1,39,EligibilityClarificationCode,VARCHAR2,,1,28776,315,315,,,,,VARCHAR2,,
379,1,40,CompoundCode,VARCHAR2,,1,28777,316,316,,,,,VARCHAR2,,
379,1,41,NumofRefillsAuthorized,VARCHAR2,,2,28778,317,318,,,,,VARCHAR2,,
379,1,42,LevelofService,VARCHAR2,,2,28779,319,320,,,,,VARCHAR2,,
379,1,43,PrescriptionOriginCode,VARCHAR2,,1,28780,321,321,,,,,VARCHAR2,,
379,2,1,RecordIdentifier,VARCHAR2,,1,29481,1,1,,,,,VARCHAR2,,
379,2,2,ProcessorNumber,VARCHAR2,,10,29482,2,11,,,,,VARCHAR2,,
379,2,3,BatchNumber,VARCHAR2,,5,29483,12,16,,,,,VARCHAR2,,
379,2,4,ClaimCount,VARCHAR2,,7,29484,17,23,,,,,VARCHAR2,,
379,2,5,DollarsBilled,NUMBER,,11,29485,24,34,,,,,NUMBER,,
379,2,6,ExpansionArea1,VARCHAR2,,289,29486,35,323,,,,,VARCHAR2,,
379,2,7,AdministrationFeeTotal,NUMBER,,10,29487,324,333,,,,,NUMBER,,
379,2,8,ExpansionArea2,VARCHAR2,,367,29488,334,700,,,,,VARCHAR2,,
379,3,1,RecordIdentifier,VARCHAR2,,1,29489,1,1,,,,,VARCHAR2,,
379,3,2,ProcessorNumber,VARCHAR2,,10,29490,2,11,,,,,VARCHAR2,,
379,3,3,BatchNumber,VARCHAR2,,5,29491,12,16,,,,,VARCHAR2,,
379,3,4,PharmacyNumber,VARCHAR2,,15,29492,17,31,,,,,VARCHAR2,,
379,3,5,PharmacyName,VARCHAR2,,20,29493,32,51,,,,,VARCHAR2,,
379,3,6,PharmacyAddress,VARCHAR2,,20,29494,52,71,,,,,VARCHAR2,,
379,3,7,PharmacyLocationCity,VARCHAR2,,18,29495,72,89,,,,,VARCHAR2,,
379,3,8,PharmacyLocationState,VARCHAR2,,2,29496,90,91,,,,,VARCHAR2,,
379,3,9,PharmacyZipCode,VARCHAR2,,9,29497,92,100,,,,,VARCHAR2,,
379,3,10,PharmacyTelephoneNumber,VARCHAR2,,10,29498,101,110,,,,,VARCHAR2,,
379,3,11,ExpansionArea,VARCHAR2,,211,29499,111,321,,,,,VARCHAR2,,
379,3,12,PharmName2,VARCHAR2,,5,29500,322,326,,,,,VARCHAR2,,
379,3,13,PharmAddr1s,VARCHAR2,,2,29501,327,328,,,,,VARCHAR2,,
379,3,14,PharmAddr2,VARCHAR2,,22,29502,329,350,,,,,VARCHAR2,,
379,3,15,PharmCorpID,VARCHAR2,,12,29503,351,362,,,,,VARCHAR2,,
379,3,16,PharmCorpName,VARCHAR2,,25,29504,363,387,,,,,VARCHAR2,,
379,3,17,PharmCorpAddr,VARCHAR2,,22,29505,388,409,,,,,VARCHAR2,,
379,3,18,PharmCorpAddr2,VARCHAR2,,22,29506,410,431,,,,,VARCHAR2,,
379,3,19,PharmCorpCity,VARCHAR2,,18,29507,432,449,,,,,VARCHAR2,,
379,3,20,PharmCorpState,VARCHAR2,,2,29508,450,451,,,,,VARCHAR2,,
379,3,21,PharmCorpZipCode,VARCHAR2,,9,29509,452,460,,,,,VARCHAR2,,
379,3,22,FederalTaxID,VARCHAR2,,9,29510,461,469,,,,,VARCHAR2,,
379,3,23,Expansion,VARCHAR2,,231,29511,470,700,,,,,VARCHAR2,,
