LAYOUTID,SUBLAYOUTID,COLUMNID,COLUMNNAME,DATATYPE,DATETYPEDETIAL,FIELDLENGTH,SN,STARTPOS,ENDPOS,UPDATED_BY,FIELDLINENUMBER,FIELDDELIMITER,FIELDPOSITION,CATEGORY,BUSINESSNAME,SEMANTICKEY
1143,1,1,CARRIER_OPERATIONAL_ID,VARCHAR2,,55,80876,1,55,,,,,VARCHAR2,,
1143,1,2,CARRIER_NME,VARCHAR2,,205,80877,56,260,,,,,VARCHAR2,,
1143,1,3,PHCY_CLAIM_ID,VARCHAR2,,55,80878,261,315,,,,,VARCHAR2,,
1143,1,4,MEDIA_TYPE_CDE,VARCHAR2,,25,80879,316,340,,,,,VARCHAR2,,
1143,1,5,TRANSACTION_TYPE_CDE,VARCHAR2,,25,80880,341,365,,,,,VARCHAR2,,
1143,1,6,CONTRACT_OPERATIONAL_ID,VARCHAR2,,55,80881,366,420,,,,,VARCHAR2,,
1143,1,7,ELIG_GROUP_OPERATIONAL_ID,VARCHAR2,,55,80882,421,475,,,,,VARCHAR2,,
1143,1,8,ADJUSTMENT_REASON_CDE,VARCHAR2,,105,80883,476,580,,,,,VARCHAR2,,
1143,1,9,ADJUSTMENT_TYPE_CDE,VARCHAR2,,105,80884,581,685,,,,,VARCHAR2,,
1143,1,10,PHCY_RX_NBR,VARCHAR2,,25,80885,686,710,,,,,VARCHAR2,,
1143,1,11,PHCY_FILL_NBR,VARCHAR2,,25,80886,711,735,,,,,VARCHAR2,,
1143,1,12,DAW_CDE,VARCHAR2,,25,80887,736,760,,,,,VARCHAR2,,
1143,1,13,PARTIAL_FILL_CDE,VARCHAR2,,55,80888,761,815,,,,,VARCHAR2,,
1143,1,14,SERVICED_DTE,DATE,DD-Mon-YY,10,80889,816,825,,,,,DATE,,
1143,1,15,PRODUCT_SERVICE_QLFR_CDE,VARCHAR2,,25,80890,826,850,,,,,VARCHAR2,,
1143,1,16,PRODUCT_SERVICE_ID,VARCHAR2,,25,80891,851,875,,,,,VARCHAR2,,
1143,1,17,DRUG_NAME,VARCHAR2,,205,80892,876,1080,,,,,VARCHAR2,,
1143,1,18,FILL_QTY,NUMBER,,19,80893,1081,1099,,,,,NUMBER,,
1143,1,19,DAY_SUPPLY,NUMBER,,19,80894,1100,1118,,,,,NUMBER,,
1143,1,20,RX_COMPOUND_IND,VARCHAR2,,25,80895,1119,1143,,,,,VARCHAR2,,
1143,1,21,INFERRED_FILL_METHOD_CDE,VARCHAR2,,25,80896,1144,1168,,,,,VARCHAR2,,
1143,1,22,CLIENT_MEMBERSHIP_ID,VARCHAR2,,55,80897,1169,1223,,,,,VARCHAR2,,
1143,1,23,CLIENT_ELIG_MEMBERSHIP_ID,VARCHAR2,,55,80898,1224,1278,,,,,VARCHAR2,,
1143,1,24,SSN,VARCHAR2,,55,80899,1279,1333,,,,,VARCHAR2,,
1143,1,25,EFF_DTE,DATE,DD-Mon-YY,10,80900,1334,1343,,,,,DATE,,
1143,1,26,SBMTD_PATIENT_FIRST_NME,VARCHAR2,,105,80901,1344,1448,,,,,VARCHAR2,,
1143,1,27,SBMTD_PATIENT_LAST_NME,VARCHAR2,,105,80902,1449,1553,,,,,VARCHAR2,,
1143,1,28,CLAIM_PATIENT_GENDER_CDE,VARCHAR2,,25,80903,1554,1578,,,,,VARCHAR2,,
1143,1,29,SBMTD_PATIENT_BIRTH_DTE,DATE,DD-Mon-YY,10,80904,1579,1588,,,,,DATE,,
1143,1,30,CLAIM_PATIENT_AGE_MSR,VARCHAR2,,55,80905,1589,1643,,,,,VARCHAR2,,
1143,1,31,RELSHP_CDE,VARCHAR2,,25,80906,1644,1668,,,,,VARCHAR2,,
1143,1,32,PERSON_NBR,VARCHAR2,,55,80907,1669,1723,,,,,VARCHAR2,,
1143,1,33,DEA_NBR,VARCHAR2,,55,80908,1724,1778,,,,,VARCHAR2,,
1143,1,34,PRESCRIBER_LAST_NME,VARCHAR2,,205,80909,1779,1983,,,,,VARCHAR2,,
1143,1,35,MAIL_RETAIL_CDE,VARCHAR2,,25,80910,1984,2008,,,,,VARCHAR2,,
1143,1,36,NABP_NBR,VARCHAR2,,55,80911,2009,2063,,,,,VARCHAR2,,
1143,1,37,PHCY_IN_NETWORK_IND,VARCHAR2,,25,80912,2064,2088,,,,,VARCHAR2,,
1143,1,38,INGRED_COST_BASIS_CDE,VARCHAR2,,25,80913,2089,2113,,,,,VARCHAR2,,
1143,1,39,EXTENDED_AWP,NUMBER,,19,80914,2114,2132,,,,,NUMBER,,
1143,1,40,USUAL_AND_CUSTOMARY,NUMBER,,19,80915,2133,2151,,,,,NUMBER,,
1143,1,41,FINAL_INGREDIENT_COST_AMT,NUMBER,,19,80916,2152,2170,,,,,NUMBER,,
1143,1,42,DISPENSING_FEE_AMT,NUMBER,,19,80917,2171,2189,,,,,NUMBER,,
1143,1,43,INCENTIVE_FEE_TOTAL,NUMBER,,19,80918,2190,2208,,,,,NUMBER,,
1143,1,44,SALES_TAX_TOTAL_AMT,NUMBER,,19,80919,2209,2227,,,,,NUMBER,,
1143,1,45,GROSS_APPROVED_AMT,NUMBER,,19,80920,2228,2246,,,,,NUMBER,,
1143,1,46,NET_CHECK_AMT,NUMBER,,19,80921,2247,2265,,,,,NUMBER,,
1143,1,47,DEDUCT_APPLIED_AMT,NUMBER,,19,80922,2266,2284,,,,,NUMBER,,
1143,1,48,DERIVED_COPAYMT,NUMBER,,19,80923,2285,2303,,,,,NUMBER,,
1143,1,49,COPAY_DIFFERENCE,NUMBER,,19,80924,2304,2322,,,,,NUMBER,,
1143,1,50,PATIENT_PAY_AMT,NUMBER,,19,80925,2323,2341,,,,,NUMBER,,
1143,1,51,FILL_DRUG_FORMULARY_IND,VARCHAR2,,25,80926,2342,2366,,,,,VARCHAR2,,
1143,1,52,MAINTENANCE_DRUG_CDE,VARCHAR2,,25,80927,2367,2391,,,,,VARCHAR2,,
1143,1,53,PRIOR_AUTH_IND,VARCHAR2,,25,80928,2392,2416,,,,,VARCHAR2,,
1143,1,54,INVOICE_DTE,DATE,DD-Mon-YY,10,80929,2417,2426,,,,,DATE,,
1143,1,55,PAID_INTERVAL_END_DTE,DATE,DD-Mon-YY,10,80930,2427,2436,,,,,DATE,,
1143,1,56,CLAIM_COUNT_NBR,VARCHAR2,,25,80931,2437,2461,,,,,VARCHAR2,,
1143,1,57,PHCY_NME,VARCHAR2,,205,80932,2462,2666,,,,,VARCHAR2,,
1143,1,58,ACCOUNT_NBR,VARCHAR2,,105,80933,2667,2771,,,,,VARCHAR2,,
1143,1,59,LOCATOR_ID,VARCHAR2,,105,80934,2772,2876,,,,,VARCHAR2,,
1143,1,60,RX_ID,VARCHAR2,,105,80935,2877,2981,,,,,VARCHAR2,,
1143,1,61,SPECIALTY_PHCY_IND,VARCHAR2,,105,80936,2982,3086,,,,,VARCHAR2,,
1143,1,62,MEDICARE_D_IND,VARCHAR2,,105,80937,3087,3191,,,,,VARCHAR2,,
1143,1,63,PATIENT_ID,VARCHAR2,,55,80938,3192,3246,,,,,VARCHAR2,,
1143,1,64,AHFS_CLASS_CDE,VARCHAR2,,55,80939,3247,3301,,,,,VARCHAR2,,
1143,1,65,GENERIC_CLASS_CDE,VARCHAR2,,55,80940,3302,3356,,,,,VARCHAR2,,
