LAYOUTID,SUBLAYOUTID,COLUMNID,COLUMNNAME,DATATYPE,DATETYPEDETIAL,FIELDLENGTH,SN,STARTPOS,ENDPOS,UPDATED_BY,FIELDLINENUMBER,FIELDDELIMITER,FIELDPOSITION,CATEGORY,BUSINESSNAME,SEMANTICKEY
1857,1,1,hierarchylevel1,VARCHAR2,,20,131328,1,20,,,,,VARCHAR2,,
1857,1,2,hierarchylevel2,VARCHAR2,,10,131329,21,30,,,,,VARCHAR2,,
1857,1,3,hierarchylevel3,VARCHAR2,,10,131330,31,40,,,,,VARCHAR2,,
1857,1,4,hierarchylevel4,VARCHAR2,,20,131331,41,60,,,,,VARCHAR2,,
1857,1,5,hierarchylevel5,VARCHAR2,,20,131332,61,80,,,,,VARCHAR2,,
1857,1,6,hierarchylevel6,VARCHAR2,,20,131333,81,100,,,,,VARCHAR2,,
1857,1,7,patientid,VARCHAR2,,10,131334,101,110,,,,,VARCHAR2,,
1857,1,8,patientgender,VARCHAR2,,10,131335,111,120,,,,,VARCHAR2,,
1857,1,9,patientdob,date,MM/DD/YYYY,10,131336,121,130,,,,,DATE,,
1857,1,10,patientrelation,VARCHAR2,,5,131337,131,135,,,,,VARCHAR2,,
1857,1,11,drugplan,VARCHAR2,,10,131338,136,145,,,,,VARCHAR2,,
1857,1,12,amountpaid,NUMBER,,10,131339,146,155,,,,,NUMBER,,
1857,1,13,dayssupply,VARCHAR2,,10,131340,156,165,,,,,VARCHAR2,,53
1857,1,14,patientcopay,NUMBER,,10,131341,166,175,,,,,NUMBER,,
1857,1,15,ingredientcost,NUMBER,,10,131342,176,185,,,,,NUMBER,,
1857,1,16,dispensingfee,NUMBER,,10,131343,186,195,,,,,NUMBER,,54
1857,1,17,metricquantity,VARCHAR2,,10,131344,196,205,,,,,VARCHAR2,,
1857,1,18,salestax,NUMBER,,10,131345,206,215,,,,,NUMBER,,
1857,1,19,adjustedamount,NUMBER,,10,131346,216,225,,,,,NUMBER,,
1857,1,20,administrativefee,NUMBER,,19,131347,226,244,,,,,NUMBER,,
1857,1,21,awpunitprice,NUMBER,,10,131348,245,254,,,,,NUMBER,,
1857,1,22,coinsurancepaid,NUMBER,,19,131349,255,273,,,,,NUMBER,,
1857,1,23,cobindicator,VARCHAR2,,10,131350,274,283,,,,,VARCHAR2,,
1857,1,24,claimstatus,VARCHAR2,,10,131351,284,293,,,,,VARCHAR2,,
1857,1,25,claimno,VARCHAR2,,10,131352,294,303,,,,,VARCHAR2,,
1857,1,26,claimseq,VARCHAR2,,10,131353,304,313,,,,,VARCHAR2,,
1857,1,27,compound,VARCHAR2,,10,131354,314,323,,,,,VARCHAR2,,
1857,1,28,dispenseaswritten,VARCHAR2,,20,131355,324,343,,,,,VARCHAR2,,
1857,1,29,prescriberdeanumber,VARCHAR2,,20,131356,344,363,,,,,VARCHAR2,,
1857,1,30,deacode,VARCHAR2,,10,131357,364,373,,,,,VARCHAR2,,
1857,1,31,ndc,VARCHAR2,,10,131358,374,383,,,,,VARCHAR2,,55
1857,1,32,ncpdpnumber,VARCHAR2,,10,131359,384,393,,,,,VARCHAR2,,
1857,1,33,paiddate,date,MM/DD/YYYY,10,131360,394,403,,,,,DATE,,
1857,1,34,filleddate,date,MM/DD/YYYY,10,131361,404,413,,,,,DATE,,57
1857,1,35,submitteddate,date,MM/DD/YYYY,10,131362,414,423,,,,,DATE,,
1857,1,36,writtendate,date,MM/DD/YYYY,10,131363,424,433,,,,,DATE,,
1857,1,37,refill,VARCHAR2,,10,131364,434,443,,,,,VARCHAR2,,
1857,1,38,rxno,VARCHAR2,,10,131365,444,453,,,,,VARCHAR2,,
1857,1,39,cardholderno,VARCHAR2,,10,131366,454,463,,,,,VARCHAR2,,
1857,1,40,cardholderlastname,VARCHAR2,,50,131367,464,513,,,,,VARCHAR2,,
1857,1,41,medicareindicator,VARCHAR2,,20,131368,514,533,,,,,VARCHAR2,,
1857,1,42,priorauthno,VARCHAR2,,10,131369,534,543,,,,,VARCHAR2,,
1857,1,43,patientcounty,VARCHAR2,,10,131370,544,553,,,,,VARCHAR2,,
1857,1,44,patientstate,VARCHAR2,,10,131371,554,563,,,,,VARCHAR2,,
1857,1,45,patientzip,VARCHAR2,,10,131372,564,573,,,,,VARCHAR2,,
1857,1,47,patientfirstname,VARCHAR2,,20,131374,584,603,,,,,VARCHAR2,,
1857,1,48,patientlastname,VARCHAR2,,20,131375,604,623,,,,,VARCHAR2,,
1857,1,49,batchnumber,VARCHAR2,,10,131376,624,633,,,,,VARCHAR2,,
1857,1,50,employerliability,VARCHAR2,,20,131377,634,653,,,,,VARCHAR2,,
1857,1,51,rejectcode,VARCHAR2,,10,131378,654,663,,,,,VARCHAR2,,
1857,1,52,siccode,VARCHAR2,,10,131379,664,673,,,,,VARCHAR2,,
1857,1,53,diagnosticcode,VARCHAR2,,10,131380,674,683,,,,,VARCHAR2,,
1857,1,54,resubmitcount,VARCHAR2,,10,131381,684,693,,,,,VARCHAR2,,
1857,1,55,othercoveragecode,VARCHAR2,,20,131382,694,713,,,,,VARCHAR2,,
1857,1,56,refillauth,VARCHAR2,,10,131383,714,723,,,,,VARCHAR2,,
1857,1,57,pcpid,VARCHAR2,,10,131384,724,733,,,,,VARCHAR2,,
1857,1,64,multisourcecode,VARCHAR2,,10,131391,794,803,,,,,VARCHAR2,,
1857,1,65,usualandcustom,VARCHAR2,,10,131392,804,813,,,,,VARCHAR2,,
1857,1,67,unitdose,VARCHAR2,,10,131394,824,833,,,,,VARCHAR2,,
1857,1,68,formularystatus,vaRCHAR2,,10,131395,834,843,,,,,VARCHAR2,,
1857,1,69,priorauthindicator,VARCHAR2,,20,131396,844,863,,,,,VARCHAR2,,
