LAYOUTID,SUBLAYOUTID,COLUMNID,COLUMNNAME,DATATYPE,DATETYPEDETIAL,FIELDLENGTH,SN,STARTPOS,ENDPOS,UPDATED_BY,FIELDLINENUMBER,FIELDDELIMITER,FIELDPOSITION,CATEGORY,BUSINESSNAME,SEMANTICKEY
868,1,1,ps_unique_id,VARCHAR2,,16,64776,1,16,,,,,VARCHAR2,,
868,1,2,customer_nbr,VARCHAR2,,8,64777,17,24,,,,,VARCHAR2,,
868,1,3,group_nbr,VARCHAR2,,8,64778,25,32,,,,,VARCHAR2,,
868,1,4,class_code,VARCHAR2,,50,64779,33,82,,,,,VARCHAR2,,
868,1,5,subgroup_nbr,VARCHAR2,,8,64780,83,90,,,,,VARCHAR2,,
868,1,6,account_nbr,VARCHAR2,,5,64781,91,95,,,,,VARCHAR2,,
868,1,7,product_ln_cd,VARCHAR2,,2,64782,96,97,,,,,VARCHAR2,,
868,1,8,rx_product_cd,VARCHAR2,,5,64783,98,102,,,,,VARCHAR2,,
868,1,9,plan_id,VARCHAR2,,5,64784,103,107,,,,,VARCHAR2,,
868,1,10,fund_ctg_cd,VARCHAR2,,1,64785,108,108,,,,,VARCHAR2,,
868,1,11,option_cd,VARCHAR2,,2,64786,109,110,,,,,VARCHAR2,,
868,1,12,rx_intgrtn_opt_cd,VARCHAR2,,3,64787,111,113,,,,,VARCHAR2,,
868,1,13,ee_id,VARCHAR2,,11,64788,114,124,,,,,VARCHAR2,,
868,1,14,ee_last_name,VARCHAR2,,30,64789,125,154,,,,,VARCHAR2,,
868,1,15,ee_first_name,VARCHAR2,,30,64790,155,184,,,,,VARCHAR2,,
868,1,16,subs_zip_cd,VARCHAR2,,5,64791,185,189,,,,,VARCHAR2,,
868,1,17,ssn_nbr,VARCHAR2,,11,64792,190,200,,,,,VARCHAR2,,
868,1,18,member_id,VARCHAR2,,20,64793,201,220,,,,,VARCHAR2,,
868,1,19,src_rx_member_id,VARCHAR2,,18,64794,221,238,,,,,VARCHAR2,,
868,1,20,last_name,VARCHAR2,,30,64795,239,268,,,,,VARCHAR2,,
868,1,21,first_name,VARCHAR2,,30,64796,269,298,,,,,VARCHAR2,,
868,1,22,src_mbr_gender_cd,VARCHAR2,,1,64797,299,299,,,,,VARCHAR2,,
868,1,23,mbr_rpt_type_cd,VARCHAR2,,1,64798,300,300,,,,,VARCHAR2,,
868,1,24,src_mbr_birth_dt,DATE,YYYY-MM-DD,10,64799,301,310,,,,,DATE,,
868,1,25,rx_claim_id,VARCHAR2,,50,64800,311,360,,,,,VARCHAR2,,
868,1,27,clm_status,VARCHAR2,,1,64802,411,411,,,,,VARCHAR2,,
868,1,28,dir_mbr_reim_ind,VARCHAR2,,1,64803,412,412,,,,,VARCHAR2,,
868,1,29,ee_ntwk_srv_area_id,VARCHAR2,,5,64804,413,417,,,,,VARCHAR2,,
868,1,30,office_id,VARCHAR2,,12,64805,418,429,,,,,VARCHAR2,,
868,1,31,sort_name,VARCHAR2,,40,64806,430,469,,,,,VARCHAR2,,
868,1,32,prescriber_id,VARCHAR2,,15,64807,470,484,,,,,VARCHAR2,,
868,1,33,spclty_ctg_cd,VARCHAR2,,4,64808,485,488,,,,,VARCHAR2,,
868,1,34,address_line_1,VARCHAR2,,35,64809,489,523,,,,,VARCHAR2,,
868,1,35,address_line_2,VARCHAR2,,35,64810,524,558,,,,,VARCHAR2,,
868,1,36,nabp_nbr,VARCHAR2,,7,64811,559,565,,,,,VARCHAR2,,
868,1,37,phm_zip_cd,VARCHAR2,,5,64812,566,570,,,,,VARCHAR2,,
868,1,38,process_dt,DATE,YYYY-MM-DD,10,64813,571,580,,,,,DATE,,
868,1,39,disp_dt,DATE,YYYY-MM-DD,10,64814,581,590,,,,,DATE,,
868,1,40,ndc_cd,VARCHAR2,,11,64815,591,601,,,,,VARCHAR2,,
868,1,41,label_nm,VARCHAR2,,25,64816,602,626,,,,,VARCHAR2,,
868,1,42,formulary_cd,VARCHAR2,,1,64817,627,627,,,,,VARCHAR2,,
868,1,43,generic_cd,VARCHAR2,,1,64818,628,628,,,,,VARCHAR2,,
868,1,44,source_type_cd,VARCHAR2,,1,64819,629,629,,,,,VARCHAR2,,
868,1,45,retail_mod_cd,VARCHAR2,,1,64820,630,630,,,,,VARCHAR2,,
868,1,46,new_refill_cnt,NUMBER,,4,64821,631,634,,,,,NUMBER,,
868,1,47,daw_cd,VARCHAR2,,1,64822,635,635,,,,,VARCHAR2,,
868,1,48,unts_dispensed_qty,NUMBER,,10,64823,636,645,,,,,NUMBER,,
868,1,49,days_supply_cnt,NUMBER,,4,64824,646,649,,,,,NUMBER,,
868,1,50,sub_ing_cost_amt,NUMBER,,10,64825,650,659,,,,,NUMBER,,
868,1,51,prof_fee_amt,NUMBER,,10,64826,660,669,,,,,NUMBER,,
868,1,52,awp_amt,NUMBER,,10,64827,670,679,,,,,NUMBER,,
868,1,53,sales_tax_amt,NUMBER,,10,64828,680,689,,,,,NUMBER,,
868,1,54,app_to_per_ded_amt,NUMBER,,10,64829,690,699,,,,,NUMBER,,
868,1,55,srv_copay_amt,NUMBER,,10,64830,700,709,,,,,NUMBER,,
868,1,56,paid_amt,NUMBER,,10,64831,710,719,,,,,NUMBER,,
868,1,57,ahf_paid_amt,NUMBER,,10,64832,720,729,,,,,NUMBER,,
868,1,58,ahf_bfd_amt,NUMBER,,10,64833,730,739,,,,,NUMBER,,
868,1,59,bnft_plan_paid_amt,Number,,50,64834,740,789,,,,,NUMBER,,
868,1,60,phi_acas_bypass_cd,VARCHAR2,,1,64835,790,790,,,,,VARCHAR2,,
868,1,61,price_type_cd,VARCHAR2,,3,64836,791,793,,,,,VARCHAR2,,
868,1,62,calc_ing_cost_amt,NUMBER,,10,64837,794,803,,,,,NUMBER,,
868,1,63,prescbr_id_qlfy_cd,VARCHAR2,,2,64838,804,805,,,,,VARCHAR2,,
868,1,64,prod_distnctn_cd,VARCHAR2,,1,64839,806,806,,,,,VARCHAR2,,
868,1,65,rx_claim_id_exp,VARCHAR2,,20,64840,807,826,,,,,VARCHAR2,,
868,1,66,compound_cd,VARCHAR2,,1,64841,827,827,,,,,VARCHAR2,,
868,1,67,maint_drug_cd,VARCHAR2,,1,64842,828,828,,,,,VARCHAR2,,
868,1,68,prescription_nbr,VARCHAR2,,12,64843,829,840,,,,,VARCHAR2,,
868,1,69,xchng_id,VARCHAR2,,9,64844,841,849,,,,,VARCHAR2,,
868,1,71,end_of_record_marker,VARCHAR2,,200,64846,1050,1249,,,,,VARCHAR2,,
